64
2 1 201
3 1 103
4 2 207
4 3 103
5 1 106
6 2 210
6 5 109
7 3 207
7 5 201
8 4 109
8 6 103
8 7 210
9 1 110
10 2 201
10 9 106
11 3 103
11 9 108
12 4 101
12 10 104
12 11 105
13 5 109
13 9 106
14 6 107
14 10 107
14 13 108
15 7 210
15 11 103
15 13 107
16 8 208
16 12 210
16 14 204
16 15 203
17 1 108
18 2 205
18 17 105
19 3 104
19 17 104
20 4 108
20 18 108
20 19 110
21 5 104
21 17 104
22 6 103
22 18 102
22 21 109
23 7 203
23 19 110
23 21 106
24 8 203
24 20 205
24 22 207
24 23 205
25 9 110
25 17 104
26 10 109
26 18 110
26 25 101
27 11 202
27 19 205
27 25 206
28 12 105
28 20 101
28 26 105
28 27 204
29 13 203
29 21 203
29 25 205
30 14 106
30 22 108
30 26 106
30 29 202
31 15 105
31 23 109
31 27 210
31 29 203
32 16 204
32 24 205
32 28 110
32 30 109
32 31 106
33 1 107
34 2 208
34 33 107
35 3 110
35 33 108
36 4 210
36 34 201
36 35 206
37 5 108
37 33 105
38 6 205
38 34 206
38 37 205
39 7 204
39 35 109
39 37 102
40 8 110
40 36 203
40 38 203
40 39 110
41 9 203
41 33 207
42 10 107
42 34 110
42 41 202
43 11 101
43 35 101
43 41 201
44 12 101
44 36 204
44 42 106
44 43 104
45 13 107
45 37 108
45 41 201
46 14 107
46 38 207
46 42 106
46 45 108
47 15 103
47 39 110
47 43 106
47 45 106
48 16 206
48 40 104
48 44 104
48 46 107
48 47 106
49 17 201
49 33 209
50 18 103
50 34 104
50 49 205
51 19 102
51 35 103
51 49 207
52 20 105
52 36 203
52 50 107
52 51 101
53 21 106
53 37 108
53 49 204
54 22 104
54 38 204
54 50 107
54 53 108
55 23 102
55 39 106
55 51 110
55 53 105
56 24 201
56 40 107
56 52 102
56 54 110
56 55 103
57 25 108
57 41 208
57 49 205
58 26 202
58 42 201
58 50 204
58 57 207
59 27 205
59 43 110
59 51 110
59 57 103
60 28 108
60 44 106
60 52 104
60 58 207
60 59 107
61 29 201
61 45 106
61 53 101
61 57 108
62 30 103
62 46 110
62 54 109
62 58 207
62 61 101
63 31 201
63 47 206
63 55 209
63 59 202
63 61 208
64 32 106
64 48 103
64 56 101
64 60 106
64 62 103
64 63 206