1024
2 1 201
3 1 210
4 2 101
4 3 108
5 1 205
6 2 105
6 5 104
7 3 104
7 5 106
8 4 101
8 6 104
8 7 102
9 1 209
10 2 107
10 9 101
11 3 103
11 9 101
12 4 108
12 10 105
12 11 110
13 5 108
13 9 110
14 6 101
14 10 106
14 13 108
15 7 109
15 11 108
15 13 101
16 8 209
16 12 209
16 14 209
16 15 202
17 1 203
18 2 101
18 17 109
19 3 102
19 17 109
20 4 110
20 18 104
20 19 107
21 5 110
21 17 105
22 6 101
22 18 110
22 21 102
23 7 205
23 19 205
23 21 206
24 8 108
24 20 103
24 22 103
24 23 210
25 9 201
25 17 203
26 10 102
26 18 104
26 25 206
27 11 109
27 19 110
27 25 204
28 12 107
28 20 106
28 26 107
28 27 108
29 13 105
29 21 106
29 25 201
30 14 110
30 22 104
30 26 110
30 29 108
31 15 102
31 23 210
31 27 102
31 29 104
32 16 209
32 24 104
32 28 103
32 30 104
32 31 106
33 1 209
34 2 107
34 33 110
35 3 103
35 33 101
36 4 109
36 34 101
36 35 103
37 5 102
37 33 107
38 6 104
38 34 108
38 37 109
39 7 209
39 35 209
39 37 204
40 8 103
40 36 101
40 38 110
40 39 210
41 9 108
41 33 110
42 10 109
42 34 106
42 41 108
43 11 106
43 35 109
43 41 108
44 12 110
44 36 108
44 42 103
44 43 101
45 13 108
45 37 102
45 41 110
46 14 108
46 38 101
46 42 104
46 45 101
47 15 109
47 39 208
47 43 102
47 45 103
48 16 204
48 40 108
48 44 102
48 46 102
48 47 101
49 17 110
49 33 109
50 18 103
50 34 109
50 49 102
51 19 102
51 35 104
51 49 109
52 20 202
52 36 209
52 50 208
52 51 202
53 21 103
53 37 105
53 49 103
54 22 108
54 38 105
54 50 109
54 53 109
55 23 204
55 39 207
55 51 103
55 53 102
56 24 110
56 40 102
56 52 204
56 54 108
56 55 109
57 25 309
57 41 204
57 49 204
58 26 106
58 42 102
58 50 108
58 57 203
59 27 107
59 43 103
59 51 104
59 57 210
60 28 110
60 44 103
60 52 210
60 58 108
60 59 104
61 29 103
61 45 103
61 53 101
61 57 203
62 30 206
62 46 207
62 54 210
62 58 202
62 61 210
63 31 109
63 47 101
63 55 109
63 59 106
63 61 109
64 32 103
64 48 103
64 56 102
64 60 101
64 62 207
64 63 106
65 1 204
66 2 110
66 65 110
67 3 101
67 65 101
68 4 110
68 66 104
68 67 102
69 5 105
69 65 102
70 6 103
70 66 104
70 69 104
71 7 104
71 67 103
71 69 107
72 8 102
72 68 110
72 70 103
72 71 104
73 9 109
73 65 108
74 10 102
74 66 105
74 73 102
75 11 204
75 67 207
75 73 207
76 12 105
76 68 104
76 74 109
76 75 204
77 13 103
77 69 101
77 73 106
78 14 106
78 70 103
78 74 107
78 77 107
79 15 107
79 71 108
79 75 203
79 77 107
80 16 208
80 72 106
80 76 104
80 78 103
80 79 101
81 17 102
81 65 105
82 18 101
82 66 102
82 81 107
83 19 104
83 67 110
83 81 101
84 20 207
84 68 210
84 82 206
84 83 209
85 21 102
85 69 106
85 81 101
86 22 110
86 70 103
86 82 109
86 85 107
87 23 205
87 71 109
87 83 102
87 85 101
88 24 107
88 72 104
88 84 208
88 86 109
88 87 101
89 25 209
89 73 108
89 81 105
90 26 103
90 74 101
90 82 106
90 89 108
91 27 105
91 75 208
91 83 101
91 89 108
92 28 101
92 76 101
92 84 201
92 90 110
92 91 107
93 29 109
93 77 109
93 85 107
93 89 110
94 30 101
94 78 107
94 86 104
94 90 104
94 93 105
95 31 105
95 79 110
95 87 107
95 91 102
95 93 102
96 32 104
96 80 106
96 88 107
96 92 109
96 94 101
96 95 107
97 33 102
97 65 104
98 34 110
98 66 101
98 97 104
99 35 105
99 67 109
99 97 107
100 36 210
100 68 201
100 98 202
100 99 208
101 37 110
101 69 104
101 97 106
102 38 208
102 70 206
102 98 205
102 101 210
103 39 203
103 71 106
103 99 108
103 101 105
104 40 107
104 72 103
104 100 203
104 102 206
104 103 105
105 41 104
105 73 102
105 97 104
106 42 106
106 74 102
106 98 102
106 105 103
107 43 104
107 75 210
107 99 106
107 105 108
108 44 108
108 76 101
108 100 206
108 106 110
108 107 106
109 45 207
109 77 202
109 101 209
109 105 202
110 46 205
110 78 207
110 102 301
110 106 207
110 109 302
111 47 110
111 79 110
111 103 108
111 107 101
111 109 208
112 48 101
112 80 106
112 104 110
112 108 110
112 110 204
112 111 102
113 49 106
113 81 102
113 97 107
114 50 103
114 82 110
114 98 108
114 113 110
115 51 108
115 83 102
115 99 106
115 113 102
116 52 205
116 84 207
116 100 205
116 114 109
116 115 106
117 53 106
117 85 110
117 101 107
117 113 104
118 54 209
118 86 206
118 102 305
118 114 208
118 117 209
119 55 106
119 87 105
119 103 106
119 115 103
119 117 103
120 56 103
120 88 105
120 104 107
120 116 101
120 118 205
120 119 102
121 57 203
121 89 108
121 105 101
121 113 104
122 58 108
122 90 101
122 106 110
122 114 105
122 121 102
123 59 101
123 91 106
123 107 109
123 115 102
123 121 105
124 60 106
124 92 109
124 108 106
124 116 102
124 122 102
124 123 109
125 61 101
125 93 106
125 109 205
125 117 109
125 121 104
126 62 205
126 94 105
126 110 206
126 118 202
126 122 106
126 125 101
127 63 208
127 95 208
127 111 207
127 119 206
127 123 207
127 125 201
128 64 105
128 96 110
128 112 107
128 120 108
128 124 109
128 126 107
128 127 201
129 1 206
130 2 102
130 129 105
131 3 106
131 129 103
132 4 101
132 130 104
132 131 103
133 5 206
133 129 206
134 6 109
134 130 108
134 133 209
135 7 110
135 131 107
135 133 204
136 8 107
136 132 103
136 134 101
136 135 110
137 9 103
137 129 106
138 10 207
138 130 202
138 137 204
139 11 103
139 131 106
139 137 106
140 12 109
140 132 102
140 138 207
140 139 110
141 13 105
141 133 202
141 137 107
142 14 103
142 134 107
142 138 202
142 141 108
143 15 110
143 135 106
143 139 101
143 141 101
144 16 210
144 136 102
144 140 109
144 142 101
144 143 106
145 17 106
145 129 110
146 18 101
146 130 103
146 145 106
147 19 207
147 131 210
147 145 201
148 20 103
148 132 104
148 146 102
148 147 202
149 21 107
149 133 210
149 145 108
150 22 208
150 134 204
150 146 203
150 149 206
151 23 209
151 135 103
151 147 207
151 149 106
152 24 106
152 136 109
152 148 102
152 150 206
152 151 107
153 25 205
153 137 104
153 145 110
154 26 102
154 138 201
154 146 110
154 153 109
155 27 102
155 139 106
155 147 207
155 153 108
156 28 101
156 140 105
156 148 108
156 154 108
156 155 104
157 29 104
157 141 101
157 149 105
157 153 104
158 30 104
158 142 110
158 150 207
158 154 108
158 157 104
159 31 105
159 143 102
159 151 110
159 155 101
159 157 107
160 32 106
160 144 108
160 152 107
160 156 109
160 158 105
160 159 108
161 33 105
161 129 103
162 34 202
162 130 206
162 161 203
163 35 107
163 131 103
163 161 103
164 36 105
164 132 103
164 162 206
164 163 102
165 37 109
165 133 210
165 161 107
166 38 105
166 134 107
166 162 208
166 165 103
167 39 204
167 135 107
167 163 105
167 165 101
168 40 104
168 136 107
168 164 109
168 166 102
168 167 109
169 41 103
169 137 104
169 161 107
170 42 201
170 138 309
170 162 310
170 169 206
171 43 104
171 139 101
171 163 102
171 169 105
172 44 108
172 140 102
172 164 102
172 170 201
172 171 102
173 45 108
173 141 108
173 165 110
173 169 106
174 46 107
174 142 105
174 166 101
174 170 205
174 173 107
175 47 208
175 143 201
175 167 204
175 171 201
175 173 203
176 48 101
176 144 102
176 168 110
176 172 106
176 174 110
176 175 203
177 49 109
177 145 103
177 161 108
178 50 102
178 146 110
178 162 209
178 177 108
179 51 107
179 147 205
179 163 102
179 177 106
180 52 207
180 148 110
180 164 104
180 178 102
180 179 105
181 53 109
181 149 101
181 165 102
181 177 105
182 54 105
182 150 205
182 166 103
182 178 103
182 181 110
183 55 108
183 151 102
183 167 106
183 179 106
183 181 108
184 56 101
184 152 108
184 168 101
184 180 103
184 182 102
184 183 103
185 57 201
185 153 103
185 169 104
185 177 102
186 58 107
186 154 109
186 170 209
186 178 102
186 185 103
187 59 108
187 155 103
187 171 106
187 179 104
187 185 110
188 60 109
188 156 103
188 172 103
188 180 103
188 186 105
188 187 105
189 61 105
189 157 104
189 173 109
189 181 105
189 185 103
190 62 201
190 158 105
190 174 102
190 182 104
190 186 106
190 189 109
191 63 210
191 159 205
191 175 306
191 183 202
191 187 207
191 189 205
192 64 203
192 160 203
192 176 204
192 184 201
192 188 205
192 190 204
192 191 305
193 65 102
193 129 105
194 66 108
194 130 109
194 193 101
195 67 108
195 131 109
195 193 108
196 68 103
196 132 104
196 194 110
196 195 109
197 69 203
197 133 307
197 193 207
198 70 109
198 134 105
198 194 104
198 197 210
199 71 109
199 135 103
199 195 104
199 197 208
200 72 209
200 136 209
200 196 207
200 198 208
200 199 206
201 73 106
201 137 102
201 193 108
202 74 101
202 138 205
202 194 101
202 201 106
203 75 302
203 139 209
203 195 202
203 201 207
204 76 106
204 140 105
204 196 105
204 202 102
204 203 203
205 77 107
205 141 101
205 197 203
205 201 103
206 78 104
206 142 104
206 198 110
206 202 109
206 205 104
207 79 110
207 143 108
207 199 106
207 203 204
207 205 108
208 80 104
208 144 101
208 200 202
208 204 108
208 206 105
208 207 105
209 81 107
209 145 110
209 193 104
210 82 106
210 146 103
210 194 103
210 209 107
211 83 103
211 147 208
211 195 107
211 209 103
212 84 207
212 148 104
212 196 102
212 210 110
212 211 105
213 85 105
213 149 101
213 197 210
213 209 108
214 86 103
214 150 202
214 198 108
214 210 104
214 213 101
215 87 107
215 151 101
215 199 109
215 211 105
215 213 101
216 88 108
216 152 105
216 200 202
216 212 103
216 214 104
216 215 109
217 89 109
217 153 103
217 201 110
217 209 106
218 90 202
218 154 203
218 202 201
218 210 209
218 217 203
219 91 110
219 155 106
219 203 207
219 211 110
219 217 101
220 92 101
220 156 101
220 204 105
220 212 105
220 218 204
220 219 103
221 93 208
221 157 201
221 205 210
221 213 210
221 217 202
222 94 104
222 158 106
222 206 102
222 214 107
222 218 207
222 221 202
223 95 103
223 159 108
223 207 108
223 215 109
223 219 105
223 221 210
224 96 106
224 160 104
224 208 106
224 216 108
224 220 107
224 222 110
224 223 101
225 97 104
225 161 107
225 193 102
226 98 103
226 162 201
226 194 101
226 225 104
227 99 104
227 163 104
227 195 102
227 225 106
228 100 203
228 164 103
228 196 103
228 226 109
228 227 102
229 101 110
229 165 102
229 197 206
229 225 110
230 102 208
230 166 105
230 198 109
230 226 110
230 229 103
231 103 109
231 167 105
231 199 101
231 227 105
231 229 106
232 104 101
232 168 108
232 200 209
232 228 102
232 230 106
232 231 101
233 105 104
233 169 109
233 201 101
233 225 101
234 106 107
234 170 203
234 202 110
234 226 103
234 233 110
235 107 102
235 171 101
235 203 201
235 227 103
235 233 104
236 108 110
236 172 110
236 204 103
236 228 109
236 234 110
236 235 107
237 109 210
237 173 101
237 205 103
237 229 109
237 233 107
238 110 205
238 174 106
238 206 110
238 230 101
238 234 104
238 237 101
239 111 109
239 175 204
239 207 105
239 231 105
239 235 103
239 237 106
240 112 109
240 176 107
240 208 109
240 232 109
240 236 107
240 238 109
240 239 101
241 113 204
241 177 205
241 209 201
241 225 203
242 114 109
242 178 107
242 210 109
242 226 103
242 241 203
243 115 206
243 179 207
243 211 210
243 227 210
243 241 306
244 116 104
244 180 106
244 212 107
244 228 109
244 242 110
244 243 201
245 117 101
245 181 110
245 213 101
245 229 110
245 241 208
246 118 203
246 182 109
246 214 106
246 230 109
246 242 108
246 245 109
247 119 105
247 183 102
247 215 101
247 231 110
247 243 205
247 245 109
248 120 104
248 184 105
248 216 102
248 232 102
248 244 103
248 246 104
248 247 105
249 121 102
249 185 104
249 217 109
249 233 110
249 241 206
250 122 106
250 186 103
250 218 208
250 234 110
250 242 108
250 249 110
251 123 105
251 187 108
251 219 106
251 235 105
251 243 209
251 249 107
252 124 105
252 188 106
252 220 106
252 236 102
252 244 105
252 250 108
252 251 105
253 125 103
253 189 106
253 221 205
253 237 102
253 245 110
253 249 102
254 126 106
254 190 101
254 222 107
254 238 109
254 246 101
254 250 106
254 253 101
255 127 205
255 191 209
255 223 104
255 239 101
255 247 110
255 251 104
255 253 106
256 128 202
256 192 307
256 224 205
256 240 202
256 248 208
256 252 204
256 254 210
256 255 209
257 1 204
258 2 104
258 257 105
259 3 105
259 257 107
260 4 209
260 258 202
260 259 207
261 5 104
261 257 110
262 6 207
262 258 210
262 261 202
263 7 103
263 259 103
263 261 107
264 8 102
264 260 206
264 262 206
264 263 107
265 9 103
265 257 106
266 10 109
266 258 103
266 265 101
267 11 104
267 259 101
267 265 102
268 12 101
268 260 208
268 266 107
268 267 109
269 13 204
269 261 209
269 265 205
270 14 110
270 262 208
270 266 108
270 269 201
271 15 104
271 263 107
271 267 104
271 269 209
272 16 201
272 264 109
272 268 107
272 270 106
272 271 110
273 17 106
273 257 109
274 18 103
274 258 106
274 273 109
275 19 208
275 259 203
275 273 203
276 20 103
276 260 203
276 274 101
276 275 204
277 21 110
277 261 108
277 273 102
278 22 105
278 262 202
278 274 107
278 277 108
279 23 207
279 263 101
279 275 209
279 277 105
280 24 102
280 264 101
280 276 107
280 278 109
280 279 105
281 25 210
281 265 109
281 273 107
282 26 102
282 266 110
282 274 101
282 281 110
283 27 105
283 267 103
283 275 210
283 281 109
284 28 202
284 268 208
284 276 204
284 282 201
284 283 203
285 29 104
285 269 209
285 277 108
285 281 108
286 30 106
286 270 109
286 278 101
286 282 105
286 285 108
287 31 201
287 271 203
287 279 205
287 283 210
287 285 209
288 32 105
288 272 102
288 280 105
288 284 203
288 286 108
288 287 201
289 33 105
289 257 103
290 34 109
290 258 109
290 289 110
291 35 103
291 259 104
291 289 104
292 36 107
292 260 204
292 290 101
292 291 101
293 37 107
293 261 110
293 289 108
294 38 101
294 262 203
294 290 109
294 293 106
295 39 203
295 263 102
295 291 101
295 293 103
296 40 103
296 264 107
296 292 110
296 294 109
296 295 103
297 41 104
297 265 108
297 289 102
298 42 110
298 266 102
298 290 106
298 297 106
299 43 205
299 267 205
299 291 207
299 297 209
300 44 102
300 268 102
300 292 107
300 298 107
300 299 210
301 45 209
301 269 310
301 293 208
301 297 210
302 46 104
302 270 105
302 294 104
302 298 102
302 301 208
303 47 102
303 271 106
303 295 106
303 299 207
303 301 207
304 48 102
304 272 110
304 296 110
304 300 109
304 302 109
304 303 108
305 49 104
305 273 104
305 289 106
306 50 202
306 274 203
306 290 202
306 305 201
307 51 106
307 275 206
307 291 101
307 305 108
308 52 201
308 276 106
308 292 104
308 306 204
308 307 104
309 53 108
309 277 105
309 293 106
309 305 105
310 54 104
310 278 103
310 294 108
310 306 201
310 309 107
311 55 110
311 279 101
311 295 103
311 307 107
311 309 110
312 56 102
312 280 106
312 296 107
312 308 110
312 310 109
312 311 103
313 57 206
313 281 103
313 297 102
313 305 101
314 58 101
314 282 107
314 298 109
314 306 205
314 313 106
315 59 102
315 283 106
315 299 202
315 307 105
315 313 105
316 60 105
316 284 202
316 300 104
316 308 101
316 314 103
316 315 101
317 61 109
317 285 110
317 301 202
317 309 104
317 313 104
318 62 204
318 286 109
318 302 108
318 310 104
318 314 104
318 317 103
319 63 106
319 287 205
319 303 108
319 311 102
319 315 108
319 317 105
320 64 108
320 288 108
320 304 102
320 312 108
320 316 105
320 318 107
320 319 108
321 65 105
321 257 105
322 66 110
322 258 106
322 321 110
323 67 105
323 259 101
323 321 103
324 68 106
324 260 206
324 322 110
324 323 106
325 69 108
325 261 101
325 321 101
326 70 102
326 262 202
326 322 102
326 325 109
327 71 207
327 263 210
327 323 205
327 325 210
328 72 103
328 264 105
328 324 102
328 326 101
328 327 202
329 73 102
329 265 103
329 321 107
330 74 209
330 266 207
330 322 202
330 329 205
331 75 210
331 267 107
331 323 104
331 329 104
332 76 104
332 268 110
332 324 101
332 330 206
332 331 104
333 77 105
333 269 205
333 325 108
333 329 107
334 78 106
334 270 107
334 326 101
334 330 206
334 333 101
335 79 104
335 271 110
335 327 202
335 331 102
335 333 105
336 80 103
336 272 104
336 328 103
336 332 102
336 334 110
336 335 104
337 81 209
337 273 203
337 321 210
338 82 108
338 274 104
338 322 101
338 337 204
339 83 110
339 275 205
339 323 105
339 337 201
340 84 202
340 276 106
340 324 101
340 338 107
340 339 110
341 85 102
341 277 108
341 325 101
341 337 202
342 86 109
342 278 102
342 326 107
342 338 110
342 341 108
343 87 108
343 279 104
343 327 207
343 339 101
343 341 110
344 88 104
344 280 105
344 328 110
344 340 104
344 342 105
344 343 103
345 89 106
345 281 110
345 329 107
345 337 210
346 90 101
346 282 102
346 330 202
346 338 102
346 345 103
347 91 105
347 283 107
347 331 104
347 339 105
347 345 105
348 92 105
348 284 207
348 332 109
348 340 104
348 346 106
348 347 106
349 93 110
349 285 102
349 333 109
349 341 104
349 345 110
350 94 210
350 286 206
350 334 206
350 342 206
350 346 206
350 349 206
351 95 102
351 287 209
351 335 104
351 343 104
351 347 110
351 349 105
352 96 109
352 288 104
352 336 101
352 344 109
352 348 109
352 350 209
352 351 109
353 97 208
353 289 209
353 321 202
354 98 106
354 290 104
354 322 108
354 353 207
355 99 106
355 291 102
355 323 108
355 353 204
356 100 206
356 292 104
356 324 103
356 354 104
356 355 110
357 101 110
357 293 109
357 325 103
357 353 205
358 102 209
358 294 103
358 326 104
358 354 101
358 357 105
359 103 102
359 295 101
359 327 204
359 355 107
359 357 104
360 104 105
360 296 108
360 328 105
360 356 109
360 358 107
360 359 109
361 105 102
361 297 101
361 329 110
361 353 205
362 106 102
362 298 102
362 330 205
362 354 102
362 361 110
363 107 105
363 299 208
363 331 102
363 355 107
363 361 108
364 108 103
364 300 103
364 332 107
364 356 109
364 362 103
364 363 103
365 109 203
365 301 204
365 333 106
365 357 101
365 361 108
366 110 203
366 302 107
366 334 107
366 358 108
366 362 105
366 365 103
367 111 102
367 303 107
367 335 107
367 359 105
367 363 108
367 365 106
368 112 203
368 304 201
368 336 206
368 360 206
368 364 203
368 366 202
368 367 201
369 113 101
369 305 109
369 337 206
369 353 205
370 114 101
370 306 202
370 338 106
370 354 103
370 369 104
371 115 109
371 307 103
371 339 110
371 355 107
371 369 104
372 116 108
372 308 103
372 340 102
372 356 103
372 370 108
372 371 106
373 117 105
373 309 103
373 341 108
373 357 108
373 369 103
374 118 209
374 310 103
374 342 102
374 358 110
374 370 104
374 373 101
375 119 210
375 311 205
375 343 205
375 359 210
375 371 208
375 373 206
376 120 105
376 312 101
376 344 107
376 360 110
376 372 110
376 374 110
376 375 203
377 121 108
377 313 101
377 345 108
377 361 103
377 369 105
378 122 110
378 314 106
378 346 109
378 362 109
378 370 108
378 377 110
379 123 105
379 315 104
379 347 109
379 363 110
379 371 108
379 377 110
380 124 209
380 316 208
380 348 202
380 364 210
380 372 205
380 378 202
380 379 208
381 125 106
381 317 110
381 349 102
381 365 108
381 373 108
381 377 110
382 126 102
382 318 104
382 350 201
382 366 103
382 374 103
382 378 107
382 381 108
383 127 204
383 319 105
383 351 109
383 367 106
383 375 202
383 379 110
383 381 103
384 128 102
384 320 108
384 352 107
384 368 202
384 376 107
384 380 210
384 382 109
384 383 110
385 129 104
385 257 107
386 130 106
386 258 102
386 385 105
387 131 106
387 259 101
387 385 109
388 132 105
388 260 201
388 386 106
388 387 101
389 133 204
389 261 103
389 385 103
390 134 105
390 262 202
390 386 105
390 389 101
391 135 102
391 263 109
391 387 108
391 389 102
392 136 107
392 264 105
392 388 108
392 390 109
392 391 103
393 137 105
393 265 103
393 385 110
394 138 202
394 266 104
394 386 101
394 393 105
395 139 103
395 267 106
395 387 106
395 393 101
396 140 101
396 268 108
396 388 110
396 394 102
396 395 102
397 141 207
397 269 307
397 389 206
397 393 201
398 142 102
398 270 109
398 390 102
398 394 102
398 397 201
399 143 104
399 271 103
399 391 109
399 395 108
399 397 203
400 144 102
400 272 108
400 392 108
400 396 101
400 398 107
400 399 108
401 145 103
401 273 109
401 385 103
402 146 109
402 274 110
402 386 102
402 401 106
403 147 309
403 275 307
403 387 202
403 401 201
404 148 104
404 276 104
404 388 102
404 402 106
404 403 205
405 149 105
405 277 102
405 389 106
405 401 105
406 150 209
406 278 109
406 390 110
406 402 103
406 405 106
407 151 102
407 279 108
407 391 103
407 403 204
407 405 110
408 152 109
408 280 105
408 392 107
408 404 104
408 406 107
408 407 101
409 153 109
409 281 101
409 393 108
409 401 101
410 154 203
410 282 205
410 394 202
410 402 204
410 409 201
411 155 108
411 283 104
411 395 101
411 403 209
411 409 105
412 156 110
412 284 208
412 396 104
412 404 105
412 410 207
412 411 108
413 157 105
413 285 103
413 397 209
413 405 106
413 409 103
414 158 110
414 286 108
414 398 102
414 406 104
414 410 208
414 413 105
415 159 105
415 287 210
415 399 105
415 407 108
415 411 102
415 413 107
416 160 103
416 288 101
416 400 102
416 408 103
416 412 105
416 414 107
416 415 109
417 161 210
417 289 204
417 385 206
418 162 202
418 290 108
418 386 110
418 417 206
419 163 109
419 291 110
419 387 108
419 417 205
420 164 107
420 292 101
420 388 109
420 418 104
420 419 101
421 165 105
421 293 106
421 389 102
421 417 207
422 166 110
422 294 101
422 390 103
422 418 102
422 421 107
423 167 109
423 295 107
423 391 105
423 419 103
423 421 107
424 168 201
424 296 208
424 392 209
424 420 201
424 422 208
424 423 207
425 169 105
425 297 106
425 393 104
425 417 210
426 170 201
426 298 108
426 394 103
426 418 110
426 425 105
427 171 104
427 299 210
427 395 106
427 419 101
427 425 104
428 172 110
428 300 103
428 396 107
428 420 106
428 426 105
428 427 110
429 173 108
429 301 208
429 397 208
429 421 101
429 425 102
430 174 110
430 302 106
430 398 103
430 422 106
430 426 108
430 429 102
431 175 208
431 303 109
431 399 109
431 423 110
431 427 101
431 429 101
432 176 105
432 304 104
432 400 103
432 424 202
432 428 104
432 430 109
432 431 110
433 177 105
433 305 101
433 401 102
433 417 206
434 178 104
434 306 208
434 402 109
434 418 103
434 433 108
435 179 109
435 307 104
435 403 209
435 419 105
435 433 105
436 180 105
436 308 104
436 404 110
436 420 105
436 434 104
436 435 104
437 181 208
437 309 207
437 405 206
437 421 204
437 433 208
438 182 102
438 310 105
438 406 107
438 422 105
438 434 108
438 437 206
439 183 101
439 311 104
439 407 106
439 423 108
439 435 101
439 437 203
440 184 105
440 312 101
440 408 106
440 424 210
440 436 101
440 438 106
440 439 107
441 185 105
441 313 108
441 409 103
441 425 105
441 433 101
442 186 106
442 314 102
442 410 203
442 426 109
442 434 109
442 441 102
443 187 110
443 315 102
443 411 110
443 427 104
443 435 107
443 441 109
444 188 209
444 316 206
444 412 204
444 428 209
444 436 203
444 442 208
444 443 201
445 189 105
445 317 110
445 413 108
445 429 107
445 437 204
445 441 105
446 190 104
446 318 105
446 414 108
446 430 102
446 438 101
446 442 109
446 445 104
447 191 210
447 319 101
447 415 101
447 431 109
447 439 108
447 443 104
447 445 105
448 192 207
448 320 105
448 416 106
448 432 107
448 440 107
448 444 205
448 446 107
448 447 108
449 193 109
449 321 107
449 385 108
450 194 209
450 322 203
450 386 210
450 449 207
451 195 101
451 323 107
451 387 103
451 449 104
452 196 108
452 324 109
452 388 110
452 450 208
452 451 110
453 197 210
453 325 103
453 389 106
453 449 104
454 198 108
454 326 108
454 390 104
454 450 203
454 453 101
455 199 106
455 327 209
455 391 103
455 451 103
455 453 103
456 200 209
456 328 103
456 392 106
456 452 107
456 454 105
456 455 101
457 201 105
457 329 104
457 393 107
457 449 103
458 202 109
458 330 203
458 394 109
458 450 201
458 457 105
459 203 310
459 331 201
459 395 206
459 451 203
459 457 210
460 204 104
460 332 107
460 396 103
460 452 110
460 458 102
460 459 203
461 205 108
461 333 109
461 397 206
461 453 105
461 457 109
462 206 106
462 334 108
462 398 109
462 454 105
462 458 107
462 461 110
463 207 108
463 335 103
463 399 103
463 455 106
463 459 205
463 461 104
464 208 110
464 336 109
464 400 108
464 456 109
464 460 107
464 462 110
464 463 107
465 209 104
465 337 203
465 401 109
465 449 104
466 210 108
466 338 106
466 402 104
466 450 206
466 465 103
467 211 109
467 339 102
467 403 208
467 451 103
467 465 107
468 212 106
468 340 104
468 404 106
468 452 107
468 466 102
468 467 104
469 213 101
469 341 106
469 405 106
469 453 110
469 465 105
470 214 105
470 342 107
470 406 103
470 454 110
470 466 105
470 469 107
471 215 105
471 343 110
471 407 108
471 455 108
471 467 109
471 469 102
472 216 208
472 344 203
472 408 207
472 456 209
472 468 204
472 470 203
472 471 205
473 217 107
473 345 109
473 409 101
473 457 108
473 465 104
474 218 204
474 346 103
474 410 201
474 458 104
474 466 103
474 473 106
475 219 102
475 347 105
475 411 104
475 459 208
475 467 102
475 473 107
476 220 109
476 348 101
476 412 109
476 460 101
476 468 103
476 474 107
476 475 107
477 221 207
477 349 102
477 413 104
477 461 103
477 469 108
477 473 107
478 222 106
478 350 206
478 414 104
478 462 105
478 470 104
478 474 105
478 477 106
479 223 101
479 351 106
479 415 105
479 463 103
479 471 102
479 475 101
479 477 102
480 224 208
480 352 207
480 416 205
480 464 210
480 472 309
480 476 207
480 478 210
480 479 201
481 225 106
481 353 204
481 417 208
481 449 104
482 226 102
482 354 109
482 418 108
482 450 210
482 481 107
483 227 110
483 355 108
483 419 105
483 451 102
483 481 107
484 228 106
484 356 107
484 420 109
484 452 101
484 482 101
484 483 101
485 229 101
485 357 106
485 421 104
485 453 105
485 481 107
486 230 103
486 358 102
486 422 104
486 454 106
486 482 104
486 485 107
487 231 205
487 359 203
487 423 202
487 455 202
487 483 210
487 485 207
488 232 108
488 360 101
488 424 202
488 456 104
488 484 107
488 486 102
488 487 207
489 233 107
489 361 103
489 425 103
489 457 109
489 481 104
490 234 105
490 362 107
490 426 107
490 458 101
490 482 106
490 489 103
491 235 102
491 363 107
491 427 109
491 459 203
491 483 106
491 489 106
492 236 108
492 364 106
492 428 107
492 460 103
492 484 102
492 490 107
492 491 107
493 237 103
493 365 102
493 429 105
493 461 107
493 485 103
493 489 110
494 238 207
494 366 205
494 430 209
494 462 202
494 486 208
494 490 209
494 493 208
495 239 105
495 367 110
495 431 103
495 463 104
495 487 206
495 491 109
495 493 106
496 240 106
496 368 204
496 432 106
496 464 108
496 488 105
496 492 105
496 494 204
496 495 108
497 241 205
497 369 108
497 433 106
497 465 105
497 481 102
498 242 110
498 370 109
498 434 109
498 466 107
498 482 102
498 497 103
499 243 203
499 371 105
499 435 101
499 467 103
499 483 107
499 497 101
500 244 206
500 372 206
500 436 206
500 468 204
500 484 203
500 498 208
500 499 210
501 245 205
501 373 203
501 437 303
501 469 208
501 485 201
501 497 206
502 246 106
502 374 110
502 438 103
502 470 106
502 486 110
502 498 101
502 501 205
503 247 109
503 375 206
503 439 108
503 471 105
503 487 204
503 499 107
503 501 204
504 248 104
504 376 108
504 440 110
504 472 202
504 488 108
504 500 204
504 502 110
504 503 103
505 249 202
505 377 205
505 441 204
505 473 208
505 489 202
505 497 207
506 250 109
506 378 109
506 442 110
506 474 104
506 490 105
506 498 106
506 505 206
507 251 105
507 379 108
507 443 102
507 475 108
507 491 106
507 499 106
507 505 204
508 252 101
508 380 207
508 444 207
508 476 108
508 492 109
508 500 207
508 506 107
508 507 107
509 253 109
509 381 101
509 445 109
509 477 104
509 493 108
509 501 205
509 505 204
510 254 109
510 382 104
510 446 103
510 478 108
510 494 209
510 502 109
510 506 105
510 509 104
511 255 101
511 383 101
511 447 110
511 479 106
511 495 109
511 503 105
511 507 104
511 509 107
512 256 202
512 384 105
512 448 105
512 480 202
512 496 110
512 504 107
512 508 102
512 510 104
512 511 103
513 1 210
514 2 205
514 513 204
515 3 210
515 513 209
516 4 110
516 514 210
516 515 210
517 5 109
517 513 110
518 6 110
518 514 210
518 517 108
519 7 104
519 515 209
519 517 110
520 8 108
520 516 105
520 518 108
520 519 103
521 9 205
521 513 205
522 10 108
522 514 209
522 521 210
523 11 101
523 515 210
523 521 204
524 12 103
524 516 106
524 522 106
524 523 105
525 13 206
525 517 203
525 521 306
526 14 105
526 518 103
526 522 110
526 525 210
527 15 102
527 519 110
527 523 107
527 525 209
528 16 204
528 520 102
528 524 103
528 526 110
528 527 109
529 17 109
529 513 102
530 18 202
530 514 303
530 529 203
531 19 104
531 515 210
531 529 106
532 20 105
532 516 105
532 530 210
532 531 110
533 21 108
533 517 102
533 529 107
534 22 103
534 518 105
534 530 209
534 533 106
535 23 210
535 519 102
535 531 101
535 533 106
536 24 102
536 520 105
536 532 104
536 534 110
536 535 107
537 25 205
537 521 205
537 529 110
538 26 103
538 522 103
538 530 201
538 537 106
539 27 107
539 523 106
539 531 108
539 537 109
540 28 106
540 524 106
540 532 105
540 538 104
540 539 106
541 29 103
541 525 210
541 533 103
541 537 102
542 30 101
542 526 107
542 534 103
542 538 103
542 541 108
543 31 108
543 527 106
543 535 101
543 539 106
543 541 104
544 32 106
544 528 102
544 536 103
544 540 105
544 542 110
544 543 109
545 33 109
545 513 110
546 34 104
546 514 202
546 545 105
547 35 102
547 515 202
547 545 108
548 36 107
548 516 106
548 546 103
548 547 104
549 37 107
549 517 107
549 545 110
550 38 109
550 518 103
550 546 109
550 549 103
551 39 208
551 519 104
551 547 108
551 549 102
552 40 204
552 520 203
552 548 204
552 550 201
552 551 205
553 41 107
553 521 203
553 545 110
554 42 110
554 522 105
554 546 110
554 553 104
555 43 104
555 523 108
555 547 107
555 553 103
556 44 208
556 524 207
556 548 202
556 554 201
556 555 201
557 45 102
557 525 203
557 549 106
557 553 102
558 46 102
558 526 108
558 550 103
558 554 107
558 557 102
559 47 108
559 527 107
559 551 110
559 555 108
559 557 105
560 48 207
560 528 201
560 552 308
560 556 306
560 558 203
560 559 210
561 49 108
561 529 102
561 545 105
562 50 101
562 530 208
562 546 108
562 561 101
563 51 107
563 531 103
563 547 106
563 561 103
564 52 210
564 532 106
564 548 103
564 562 108
564 563 101
565 53 205
565 533 201
565 549 208
565 561 202
566 54 104
566 534 109
566 550 101
566 562 109
566 565 203
567 55 102
567 535 105
567 551 109
567 563 108
567 565 207
568 56 109
568 536 107
568 552 210
568 564 103
568 566 104
568 567 109
569 57 207
569 537 110
569 553 102
569 561 102
570 58 106
570 538 105
570 554 106
570 562 108
570 569 105
571 59 206
571 539 208
571 555 202
571 563 201
571 569 208
572 60 107
572 540 107
572 556 203
572 564 106
572 570 109
572 571 205
573 61 107
573 541 101
573 557 105
573 565 207
573 569 103
574 62 207
574 542 104
574 558 106
574 566 109
574 570 107
574 573 106
575 63 103
575 543 106
575 559 110
575 567 103
575 571 203
575 573 105
576 64 102
576 544 103
576 560 208
576 568 101
576 572 102
576 574 101
576 575 106
577 65 104
577 513 107
578 66 201
578 514 308
578 577 204
579 67 102
579 515 208
579 577 105
580 68 106
580 516 110
580 578 209
580 579 109
581 69 108
581 517 107
581 577 103
582 70 108
582 518 103
582 578 210
582 581 109
583 71 105
583 519 101
583 579 103
583 581 108
584 72 102
584 520 110
584 580 103
584 582 108
584 583 110
585 73 107
585 521 201
585 577 103
586 74 101
586 522 104
586 578 210
586 585 102
587 75 201
587 523 109
587 579 102
587 585 107
588 76 209
588 524 210
588 580 202
588 586 204
588 587 209
589 77 103
589 525 203
589 581 110
589 585 108
590 78 106
590 526 105
590 582 102
590 586 102
590 589 102
591 79 106
591 527 101
591 583 104
591 587 104
591 589 105
592 80 108
592 528 107
592 584 107
592 588 203
592 590 106
592 591 106
593 81 108
593 529 105
593 577 104
594 82 107
594 530 208
594 578 204
594 593 106
595 83 106
595 531 106
595 579 106
595 593 101
596 84 203
596 532 110
596 580 101
596 594 107
596 595 101
597 85 205
597 533 201
597 581 201
597 593 201
598 86 107
598 534 106
598 582 106
598 594 110
598 597 204
599 87 102
599 535 108
599 583 110
599 595 105
599 597 207
600 88 109
600 536 104
600 584 108
600 596 109
600 598 106
600 599 110
601 89 103
601 537 108
601 585 105
601 593 108
602 90 108
602 538 108
602 586 109
602 594 102
602 601 110
603 91 103
603 539 106
603 587 105
603 595 106
603 601 105
604 92 103
604 540 102
604 588 209
604 596 107
604 602 108
604 603 110
605 93 106
605 541 110
605 589 101
605 597 203
605 601 101
606 94 103
606 542 102
606 590 108
606 598 105
606 602 109
606 605 109
607 95 109
607 543 101
607 591 106
607 599 105
607 603 103
607 605 106
608 96 202
608 544 210
608 592 201
608 600 206
608 604 202
608 606 207
608 607 208
609 97 107
609 545 108
609 577 105
610 98 107
610 546 106
610 578 204
610 609 102
611 99 108
611 547 109
611 579 109
611 609 106
612 100 208
612 548 104
612 580 101
612 610 102
612 611 109
613 101 109
613 549 107
613 581 105
613 609 104
614 102 203
614 550 106
614 582 103
614 610 105
614 613 106
615 103 109
615 551 103
615 583 101
615 611 105
615 613 105
616 104 108
616 552 210
616 584 107
616 612 101
616 614 101
616 615 106
617 105 203
617 553 201
617 585 205
617 609 201
618 106 105
618 554 106
618 586 105
618 610 106
618 617 204
619 107 110
619 555 108
619 587 107
619 611 102
619 617 201
620 108 101
620 556 206
620 588 206
620 612 104
620 618 109
620 619 103
621 109 201
621 557 108
621 589 108
621 613 110
621 617 209
622 110 201
622 558 109
622 590 101
622 614 106
622 618 106
622 621 110
623 111 201
623 559 209
623 591 206
623 615 208
623 619 208
623 621 204
624 112 108
624 560 203
624 592 110
624 616 109
624 620 101
624 622 105
624 623 205
625 113 101
625 561 104
625 593 109
625 609 110
626 114 108
626 562 103
626 594 108
626 610 105
626 625 101
627 115 202
627 563 209
627 595 208
627 611 202
627 625 205
628 116 110
628 564 102
628 596 103
628 612 106
628 626 109
628 627 210
629 117 101
629 565 206
629 597 206
629 613 102
629 625 109
630 118 208
630 566 102
630 598 110
630 614 103
630 626 107
630 629 110
631 119 107
631 567 105
631 599 101
631 615 104
631 627 208
631 629 102
632 120 108
632 568 103
632 600 110
632 616 103
632 628 108
632 630 109
632 631 109
633 121 110
633 569 106
633 601 105
633 617 208
633 625 102
634 122 207
634 570 204
634 602 203
634 618 209
634 626 208
634 633 208
635 123 110
635 571 207
635 603 101
635 619 101
635 627 202
635 633 102
636 124 102
636 572 108
636 604 109
636 620 107
636 628 104
636 634 204
636 635 103
637 125 109
637 573 105
637 605 108
637 621 101
637 629 110
637 633 107
638 126 102
638 574 103
638 606 105
638 622 104
638 630 104
638 634 210
638 637 103
639 127 207
639 575 108
639 607 110
639 623 206
639 631 107
639 635 105
639 637 103
640 128 109
640 576 104
640 608 203
640 624 103
640 632 103
640 636 106
640 638 109
640 639 101
641 129 105
641 513 101
642 130 101
642 514 203
642 641 106
643 131 110
643 515 205
643 641 103
644 132 210
644 516 207
644 642 201
644 643 209
645 133 208
645 517 103
645 641 105
646 134 101
646 518 109
646 642 102
646 645 105
647 135 102
647 519 110
647 643 101
647 645 104
648 136 110
648 520 101
648 644 205
648 646 110
648 647 107
649 137 109
649 521 203
649 641 105
650 138 206
650 522 110
650 642 104
650 649 104
651 139 104
651 523 102
651 643 109
651 649 106
652 140 108
652 524 103
652 644 206
652 650 110
652 651 101
653 141 105
653 525 207
653 645 110
653 649 107
654 142 102
654 526 104
654 646 101
654 650 101
654 653 104
655 143 103
655 527 106
655 647 108
655 651 109
655 653 103
656 144 103
656 528 103
656 648 104
656 652 102
656 654 104
656 655 105
657 145 206
657 529 207
657 641 207
658 146 107
658 530 208
658 642 104
658 657 204
659 147 204
659 531 104
659 643 104
659 657 208
660 148 104
660 532 104
660 644 204
660 658 109
660 659 110
661 149 105
661 533 105
661 645 103
661 657 206
662 150 207
662 534 107
662 646 104
662 658 104
662 661 103
663 151 102
663 535 101
663 647 106
663 659 105
663 661 106
664 152 103
664 536 110
664 648 103
664 660 101
664 662 102
664 663 102
665 153 104
665 537 102
665 649 102
665 657 208
666 154 106
666 538 110
666 650 108
666 658 110
666 665 103
667 155 103
667 539 108
667 651 108
667 659 104
667 665 109
668 156 202
668 540 201
668 652 202
668 660 208
668 666 209
668 667 203
669 157 101
669 541 101
669 653 101
669 661 105
669 665 107
670 158 103
670 542 104
670 654 103
670 662 109
670 666 102
670 669 109
671 159 208
671 543 208
671 655 201
671 663 201
671 667 206
671 669 210
672 160 109
672 544 109
672 656 105
672 664 110
672 668 206
672 670 104
672 671 206
673 161 110
673 545 108
673 641 105
674 162 301
674 546 205
674 642 201
674 673 203
675 163 203
675 547 201
675 643 206
675 673 204
676 164 105
676 548 108
676 644 204
676 674 205
676 675 201
677 165 109
677 549 105
677 645 101
677 673 110
678 166 107
678 550 105
678 646 102
678 674 204
678 677 106
679 167 102
679 551 103
679 647 105
679 675 210
679 677 110
680 168 109
680 552 203
680 648 109
680 676 102
680 678 102
680 679 109
681 169 105
681 553 102
681 649 101
681 673 106
682 170 209
682 554 107
682 650 108
682 674 204
682 681 108
683 171 105
683 555 105
683 651 104
683 675 209
683 681 104
684 172 107
684 556 201
684 652 102
684 676 104
684 682 108
684 683 106
685 173 109
685 557 105
685 653 110
685 677 105
685 681 101
686 174 109
686 558 110
686 654 110
686 678 110
686 682 105
686 685 101
687 175 205
687 559 110
687 655 105
687 679 109
687 683 107
687 685 104
688 176 106
688 560 202
688 656 109
688 680 109
688 684 109
688 686 109
688 687 107
689 177 109
689 561 101
689 657 210
689 673 102
690 178 110
690 562 101
690 658 107
690 674 203
690 689 106
691 179 104
691 563 106
691 659 109
691 675 203
691 689 107
692 180 110
692 564 107
692 660 101
692 676 106
692 690 110
692 691 109
693 181 108
693 565 204
693 661 108
693 677 108
693 689 106
694 182 107
694 566 106
694 662 106
694 678 106
694 690 103
694 693 104
695 183 102
695 567 106
695 663 107
695 679 103
695 691 108
695 693 104
696 184 207
696 568 207
696 664 206
696 680 210
696 692 206
696 694 201
696 695 205
697 185 106
697 569 104
697 665 101
697 681 103
697 689 107
698 186 103
698 570 101
698 666 103
698 682 104
698 690 106
698 697 107
699 187 106
699 571 209
699 667 106
699 683 101
699 691 104
699 697 103
700 188 104
700 572 106
700 668 202
700 684 110
700 692 105
700 698 110
700 699 105
701 189 107
701 573 103
701 669 105
701 685 101
701 693 109
701 697 110
702 190 204
702 574 207
702 670 202
702 686 210
702 694 203
702 698 206
702 701 204
703 191 205
703 575 106
703 671 205
703 687 101
703 695 110
703 699 104
703 701 106
704 192 208
704 576 105
704 672 110
704 688 110
704 696 208
704 700 103
704 702 206
704 703 104
705 193 109
705 577 105
705 641 107
706 194 108
706 578 209
706 642 105
706 705 103
707 195 103
707 579 109
707 643 108
707 705 110
708 196 109
708 580 102
708 644 206
708 706 108
708 707 106
709 197 204
709 581 103
709 645 110
709 705 104
710 198 106
710 582 101
710 646 104
710 706 106
710 709 107
711 199 108
711 583 102
711 647 108
711 707 101
711 709 109
712 200 204
712 584 107
712 648 105
712 708 102
712 710 110
712 711 105
713 201 102
713 585 102
713 649 108
713 705 108
714 202 101
714 586 108
714 650 106
714 706 106
714 713 108
715 203 309
715 587 204
715 651 204
715 707 205
715 713 207
716 204 103
716 588 203
716 652 105
716 708 108
716 714 102
716 715 204
717 205 106
717 589 103
717 653 107
717 709 108
717 713 104
718 206 203
718 590 210
718 654 206
718 710 205
718 714 209
718 717 206
719 207 108
719 591 105
719 655 102
719 711 105
719 715 204
719 717 104
720 208 103
720 592 104
720 656 109
720 712 110
720 716 109
720 718 210
720 719 109
721 209 104
721 593 110
721 657 206
721 705 105
722 210 110
722 594 109
722 658 108
722 706 101
722 721 104
723 211 106
723 595 106
723 659 102
723 707 107
723 721 110
724 212 105
724 596 107
724 660 107
724 708 101
724 722 109
724 723 104
725 213 101
725 597 209
725 661 108
725 709 105
725 721 109
726 214 101
726 598 104
726 662 105
726 710 109
726 722 103
726 725 108
727 215 208
727 599 204
727 663 202
727 711 202
727 723 205
727 725 210
728 216 104
728 600 107
728 664 107
728 712 107
728 724 105
728 726 105
728 727 205
729 217 108
729 601 110
729 665 105
729 713 103
729 721 106
730 218 202
730 602 105
730 666 107
730 714 101
730 722 110
730 729 106
731 219 103
731 603 101
731 667 110
731 715 204
731 723 109
731 729 101
732 220 105
732 604 108
732 668 206
732 716 110
732 724 105
732 730 101
732 731 110
733 221 209
733 605 105
733 669 106
733 717 107
733 725 107
733 729 108
734 222 103
734 606 108
734 670 103
734 718 206
734 726 110
734 730 107
734 733 105
735 223 107
735 607 102
735 671 204
735 719 104
735 727 207
735 731 102
735 733 104
736 224 107
736 608 202
736 672 108
736 720 102
736 728 102
736 732 109
736 734 101
736 735 101
737 225 101
737 609 103
737 673 103
737 705 106
738 226 110
738 610 109
738 674 209
738 706 102
738 737 109
739 227 106
739 611 101
739 675 202
739 707 103
739 737 101
740 228 110
740 612 102
740 676 109
740 708 105
740 738 108
740 739 108
741 229 207
741 613 202
741 677 202
741 709 203
741 737 202
742 230 107
742 614 101
742 678 107
742 710 101
742 738 103
742 741 205
743 231 110
743 615 103
743 679 110
743 711 108
743 739 102
743 741 208
744 232 103
744 616 107
744 680 102
744 712 109
744 740 110
744 742 110
744 743 110
745 233 210
745 617 310
745 681 210
745 713 205
745 737 201
746 234 109
746 618 107
746 682 104
746 714 107
746 738 103
746 745 201
747 235 102
747 619 108
747 683 107
747 715 202
747 739 110
747 745 204
748 236 210
748 620 204
748 684 207
748 716 210
748 740 208
748 746 207
748 747 203
749 237 106
749 621 101
749 685 102
749 717 107
749 741 203
749 745 209
750 238 101
750 622 109
750 686 109
750 718 204
750 742 107
750 746 103
750 749 106
751 239 103
751 623 204
751 687 103
751 719 104
751 743 108
751 747 107
751 749 106
752 240 110
752 624 104
752 688 102
752 720 105
752 744 107
752 748 208
752 750 101
752 751 103
753 241 207
753 625 106
753 689 107
753 721 108
753 737 104
754 242 107
754 626 105
754 690 109
754 722 110
754 738 101
754 753 106
755 243 202
755 627 207
755 691 105
755 723 106
755 739 103
755 753 109
756 244 102
756 628 109
756 692 102
756 724 109
756 740 104
756 754 107
756 755 107
757 245 109
757 629 103
757 693 102
757 725 110
757 741 201
757 753 102
758 246 107
758 630 104
758 694 107
758 726 107
758 742 105
758 754 109
758 757 102
759 247 107
759 631 110
759 695 107
759 727 208
759 743 104
759 755 106
759 757 105
760 248 202
760 632 210
760 696 310
760 728 207
760 744 202
760 756 207
760 758 203
760 759 207
761 249 210
761 633 205
761 697 208
761 729 205
761 745 304
761 753 201
762 250 105
762 634 206
762 698 108
762 730 110
762 746 104
762 754 101
762 761 201
763 251 106
763 635 102
763 699 101
763 731 110
763 747 106
763 755 110
763 761 201
764 252 107
764 636 107
764 700 101
764 732 103
764 748 208
764 756 108
764 762 110
764 763 102
765 253 102
765 637 105
765 701 109
765 733 103
765 749 109
765 757 103
765 761 201
766 254 108
766 638 104
766 702 209
766 734 108
766 750 108
766 758 109
766 762 106
766 765 110
767 255 105
767 639 110
767 703 109
767 735 108
767 751 107
767 759 103
767 763 106
767 765 106
768 256 209
768 640 102
768 704 109
768 736 104
768 752 103
768 760 201
768 764 108
768 766 103
768 767 107
769 257 104
769 513 104
770 258 108
770 514 201
770 769 105
771 259 106
771 515 204
771 769 110
772 260 208
772 516 101
772 770 106
772 771 101
773 261 104
773 517 107
773 769 102
774 262 203
774 518 105
774 770 107
774 773 108
775 263 205
775 519 209
775 771 209
775 773 202
776 264 107
776 520 103
776 772 107
776 774 107
776 775 202
777 265 103
777 521 205
777 769 103
778 266 103
778 522 110
778 770 110
778 777 106
779 267 108
779 523 109
779 771 106
779 777 107
780 268 110
780 524 106
780 772 107
780 778 107
780 779 106
781 269 206
781 525 207
781 773 102
781 777 109
782 270 105
782 526 102
782 774 101
782 778 105
782 781 106
783 271 106
783 527 102
783 775 203
783 779 103
783 781 108
784 272 110
784 528 107
784 776 103
784 780 103
784 782 107
784 783 104
785 273 107
785 529 110
785 769 104
786 274 105
786 530 203
786 770 109
786 785 103
787 275 209
787 531 104
787 771 107
787 785 110
788 276 108
788 532 106
788 772 107
788 786 102
788 787 103
789 277 210
789 533 205
789 773 205
789 785 209
790 278 103
790 534 104
790 774 101
790 786 109
790 789 208
791 279 106
791 535 102
791 775 208
791 787 107
791 789 203
792 280 207
792 536 206
792 776 203
792 788 203
792 790 204
792 791 201
793 281 110
793 537 108
793 777 106
793 785 106
794 282 108
794 538 110
794 778 104
794 786 104
794 793 110
795 283 104
795 539 108
795 779 108
795 787 107
795 793 107
796 284 205
796 540 105
796 780 102
796 788 107
796 794 101
796 795 102
797 285 106
797 541 105
797 781 106
797 789 202
797 793 104
798 286 202
798 542 202
798 782 204
798 790 210
798 794 202
798 797 209
799 287 208
799 543 109
799 783 104
799 791 101
799 795 102
799 797 102
800 288 101
800 544 107
800 784 105
800 792 202
800 796 106
800 798 207
800 799 105
801 289 204
801 545 201
801 769 207
802 290 107
802 546 101
802 770 109
802 801 203
803 291 107
803 547 107
803 771 110
803 801 205
804 292 101
804 548 104
804 772 102
804 802 102
804 803 101
805 293 103
805 549 103
805 773 109
805 801 209
806 294 107
806 550 107
806 774 106
806 802 105
806 805 101
807 295 103
807 551 104
807 775 206
807 803 110
807 805 108
808 296 101
808 552 203
808 776 110
808 804 101
808 806 105
808 807 106
809 297 101
809 553 106
809 777 108
809 801 203
810 298 206
810 554 208
810 778 205
810 802 203
810 809 201
811 299 306
811 555 204
811 779 209
811 803 203
811 809 210
812 300 108
812 556 202
812 780 101
812 804 109
812 810 208
812 811 210
813 301 202
813 557 109
813 781 103
813 805 104
813 809 106
814 302 110
814 558 105
814 782 102
814 806 105
814 810 207
814 813 110
815 303 105
815 559 105
815 783 106
815 807 110
815 811 209
815 813 101
816 304 108
816 560 203
816 784 106
816 808 107
816 812 102
816 814 101
816 815 104
817 305 202
817 561 202
817 785 203
817 801 301
818 306 202
818 562 108
818 786 108
818 802 102
818 817 208
819 307 103
819 563 106
819 787 103
819 803 107
819 817 208
820 308 106
820 564 106
820 788 104
820 804 108
820 818 110
820 819 107
821 309 109
821 565 209
821 789 204
821 805 110
821 817 210
822 310 106
822 566 106
822 790 104
822 806 107
822 818 103
822 821 107
823 311 104
823 567 107
823 791 109
823 807 104
823 819 110
823 821 108
824 312 205
824 568 206
824 792 308
824 808 207
824 820 208
824 822 204
824 823 203
825 313 104
825 569 107
825 793 108
825 809 102
825 817 210
826 314 106
826 570 108
826 794 101
826 810 201
826 818 109
826 825 109
827 315 107
827 571 204
827 795 105
827 811 202
827 819 107
827 825 105
828 316 109
828 572 107
828 796 101
828 812 109
828 820 101
828 826 106
828 827 103
829 317 110
829 573 104
829 797 101
829 813 110
829 821 106
829 825 108
830 318 109
830 574 109
830 798 206
830 814 105
830 822 107
830 826 102
830 829 105
831 319 103
831 575 105
831 799 104
831 815 104
831 823 110
831 827 105
831 829 109
832 320 208
832 576 204
832 800 201
832 816 203
832 824 301
832 828 201
832 830 204
832 831 201
833 321 108
833 577 102
833 769 101
834 322 106
834 578 208
834 770 105
834 833 106
835 323 107
835 579 106
835 771 109
835 833 105
836 324 102
836 580 101
836 772 102
836 834 109
836 835 107
837 325 109
837 581 108
837 773 102
837 833 104
838 326 108
838 582 110
838 774 109
838 834 102
838 837 102
839 327 310
839 583 207
839 775 302
839 835 201
839 837 205
840 328 208
840 584 207
840 776 207
840 836 207
840 838 206
840 839 301
841 329 105
841 585 106
841 777 104
841 833 108
842 330 302
842 586 205
842 778 205
842 834 209
842 841 204
843 331 108
843 587 103
843 779 104
843 835 106
843 841 107
844 332 110
844 588 202
844 780 103
844 836 108
844 842 207
844 843 102
845 333 106
845 589 102
845 781 108
845 837 102
845 841 106
846 334 105
846 590 109
846 782 104
846 838 104
846 842 210
846 845 103
847 335 107
847 591 104
847 783 102
847 839 210
847 843 110
847 845 108
848 336 102
848 592 101
848 784 109
848 840 206
848 844 101
848 846 108
848 847 108
849 337 208
849 593 109
849 785 103
849 833 102
850 338 104
850 594 106
850 786 107
850 834 101
850 849 107
851 339 110
851 595 101
851 787 101
851 835 103
851 849 102
852 340 105
852 596 101
852 788 107
852 836 101
852 850 105
852 851 105
853 341 101
853 597 206
853 789 208
853 837 108
853 849 107
854 342 109
854 598 107
854 790 108
854 838 105
854 850 104
854 853 108
855 343 104
855 599 107
855 791 109
855 839 204
855 851 108
855 853 104
856 344 102
856 600 109
856 792 207
856 840 201
856 852 110
856 854 108
856 855 108
857 345 205
857 601 206
857 793 204
857 841 202
857 849 204
858 346 102
858 602 110
858 794 108
858 842 201
858 850 107
858 857 201
859 347 203
859 603 208
859 795 209
859 843 209
859 851 205
859 857 301
860 348 108
860 604 105
860 796 106
860 844 104
860 852 105
860 858 109
860 859 210
861 349 105
861 605 110
861 797 104
861 845 105
861 853 110
861 857 203
862 350 210
862 606 101
862 798 203
862 846 105
862 854 101
862 858 109
862 861 110
863 351 109
863 607 109
863 799 106
863 847 101
863 855 106
863 859 201
863 861 108
864 352 108
864 608 206
864 800 110
864 848 106
864 856 107
864 860 104
864 862 104
864 863 101
865 353 204
865 609 110
865 801 204
865 833 104
866 354 102
866 610 109
866 802 105
866 834 110
866 865 102
867 355 109
867 611 103
867 803 104
867 835 105
867 865 106
868 356 208
868 612 207
868 804 209
868 836 208
868 866 203
868 867 201
869 357 103
869 613 104
869 805 104
869 837 102
869 865 102
870 358 209
870 614 207
870 806 207
870 838 210
870 866 210
870 869 207
871 359 102
871 615 105
871 807 108
871 839 209
871 867 103
871 869 103
872 360 110
872 616 108
872 808 101
872 840 207
872 868 209
872 870 208
872 871 110
873 361 107
873 617 208
873 809 103
873 841 110
873 865 105
874 362 101
874 618 101
874 810 206
874 842 209
874 866 107
874 873 102
875 363 101
875 619 105
875 811 202
875 843 101
875 867 103
875 873 110
876 364 101
876 620 102
876 812 106
876 844 109
876 868 203
876 874 106
876 875 106
877 365 106
877 621 105
877 813 105
877 845 104
877 869 107
877 873 101
878 366 105
878 622 101
878 814 105
878 846 109
878 870 203
878 874 103
878 877 109
879 367 105
879 623 208
879 815 110
879 847 108
879 871 104
879 875 104
879 877 109
880 368 206
880 624 103
880 816 101
880 848 102
880 872 106
880 876 110
880 878 109
880 879 108
881 369 106
881 625 107
881 817 204
881 849 110
881 865 102
882 370 110
882 626 104
882 818 106
882 850 103
882 866 104
882 881 110
883 371 102
883 627 206
883 819 107
883 851 108
883 867 107
883 881 110
884 372 109
884 628 108
884 820 108
884 852 104
884 868 203
884 882 103
884 883 106
885 373 110
885 629 106
885 821 101
885 853 101
885 869 110
885 881 106
886 374 106
886 630 107
886 822 106
886 854 108
886 870 207
886 882 110
886 885 108
887 375 209
887 631 105
887 823 106
887 855 109
887 871 106
887 883 101
887 885 103
888 376 109
888 632 101
888 824 201
888 856 104
888 872 104
888 884 109
888 886 106
888 887 103
889 377 109
889 633 106
889 825 109
889 857 201
889 873 110
889 881 104
890 378 103
890 634 202
890 826 109
890 858 101
890 874 109
890 882 107
890 889 105
891 379 101
891 635 103
891 827 105
891 859 203
891 875 106
891 883 104
891 889 105
892 380 203
892 636 106
892 828 104
892 860 104
892 876 107
892 884 106
892 890 108
892 891 108
893 381 206
893 637 204
893 829 208
893 861 205
893 877 203
893 885 201
893 889 206
894 382 108
894 638 107
894 830 106
894 862 109
894 878 104
894 886 106
894 890 103
894 893 207
895 383 106
895 639 107
895 831 102
895 863 109
895 879 102
895 887 106
895 891 103
895 893 207
896 384 102
896 640 107
896 832 206
896 864 107
896 880 102
896 888 105
896 892 102
896 894 107
896 895 104
897 385 107
897 641 109
897 769 105
898 386 110
898 642 108
898 770 101
898 897 104
899 387 103
899 643 105
899 771 108
899 897 109
900 388 102
900 644 207
900 772 107
900 898 108
900 899 109
901 389 106
901 645 107
901 773 108
901 897 106
902 390 210
902 646 201
902 774 206
902 898 205
902 901 205
903 391 208
903 647 209
903 775 309
903 899 207
903 901 205
904 392 107
904 648 110
904 776 105
904 900 110
904 902 203
904 903 202
905 393 104
905 649 101
905 777 103
905 897 103
906 394 101
906 650 102
906 778 104
906 898 103
906 905 107
907 395 102
907 651 110
907 779 106
907 899 106
907 905 110
908 396 201
908 652 202
908 780 208
908 900 207
908 906 209
908 907 204
909 397 207
909 653 109
909 781 104
909 901 102
909 905 105
910 398 104
910 654 101
910 782 104
910 902 205
910 906 109
910 909 108
911 399 101
911 655 106
911 783 107
911 903 206
911 907 106
911 909 101
912 400 206
912 656 209
912 784 210
912 904 201
912 908 304
912 910 208
912 911 210
913 401 110
913 657 207
913 785 105
913 897 105
914 402 104
914 658 105
914 786 106
914 898 108
914 913 103
915 403 209
915 659 109
915 787 110
915 899 105
915 913 106
916 404 102
916 660 109
916 788 108
916 900 108
916 914 106
916 915 108
917 405 107
917 661 103
917 789 203
917 901 106
917 913 101
918 406 110
918 662 104
918 790 106
918 902 202
918 914 106
918 917 106
919 407 110
919 663 105
919 791 110
919 903 201
919 915 108
919 917 101
920 408 103
920 664 108
920 792 204
920 904 105
920 916 101
920 918 108
920 919 107
921 409 206
921 665 202
921 793 204
921 905 207
921 913 205
922 410 209
922 666 106
922 794 104
922 906 104
922 914 109
922 921 210
923 411 109
923 667 103
923 795 107
923 907 104
923 915 109
923 921 203
924 412 106
924 668 209
924 796 107
924 908 210
924 916 110
924 922 105
924 923 110
925 413 108
925 669 102
925 797 106
925 909 104
925 917 103
925 921 207
926 414 104
926 670 107
926 798 210
926 910 104
926 918 102
926 922 103
926 925 108
927 415 105
927 671 204
927 799 110
927 911 107
927 919 101
927 923 106
927 925 104
928 416 110
928 672 102
928 800 106
928 912 204
928 920 106
928 924 107
928 926 101
928 927 105
929 417 206
929 673 101
929 801 201
929 897 102
930 418 107
930 674 208
930 802 102
930 898 102
930 929 108
931 419 105
931 675 209
931 803 106
931 899 109
931 929 102
932 420 106
932 676 106
932 804 105
932 900 108
932 930 110
932 931 104
933 421 108
933 677 105
933 805 108
933 901 107
933 929 108
934 422 110
934 678 103
934 806 102
934 902 206
934 930 109
934 933 106
935 423 110
935 679 102
935 807 110
935 903 206
935 931 109
935 933 105
936 424 210
936 680 107
936 808 110
936 904 103
936 932 108
936 934 102
936 935 108
937 425 107
937 681 110
937 809 108
937 905 108
937 929 104
938 426 110
938 682 109
938 810 203
938 906 108
938 930 108
938 937 103
939 427 105
939 683 107
939 811 204
939 907 101
939 931 106
939 937 107
940 428 101
940 684 103
940 812 109
940 908 210
940 932 108
940 938 110
940 939 106
941 429 204
941 685 208
941 813 201
941 909 203
941 933 205
941 937 209
942 430 103
942 686 101
942 814 105
942 910 101
942 934 110
942 938 103
942 941 203
943 431 109
943 687 108
943 815 109
943 911 106
943 935 102
943 939 102
943 941 202
944 432 102
944 688 104
944 816 102
944 912 203
944 936 103
944 940 109
944 942 102
944 943 107
945 433 101
945 689 106
945 817 209
945 913 109
945 929 106
946 434 107
946 690 110
946 818 107
946 914 101
946 930 105
946 945 108
947 435 203
947 691 207
947 819 208
947 915 210
947 931 207
947 945 209
948 436 105
948 692 108
948 820 104
948 916 102
948 932 106
948 946 102
948 947 201
949 437 202
949 693 102
949 821 108
949 917 104
949 933 104
949 945 110
950 438 104
950 694 104
950 822 105
950 918 104
950 934 107
950 946 106
950 949 110
951 439 102
951 695 108
951 823 107
951 919 103
951 935 103
951 947 209
951 949 104
952 440 110
952 696 207
952 824 204
952 920 108
952 936 108
952 948 104
952 950 110
952 951 106
953 441 105
953 697 101
953 825 108
953 921 206
953 937 107
953 945 102
954 442 105
954 698 103
954 826 107
954 922 104
954 938 103
954 946 104
954 953 101
955 443 102
955 699 103
955 827 110
955 923 103
955 939 102
955 947 201
955 953 107
956 444 205
956 700 106
956 828 101
956 924 110
956 940 107
956 948 103
956 954 102
956 955 104
957 445 105
957 701 108
957 829 102
957 925 105
957 941 209
957 949 110
957 953 104
958 446 203
958 702 307
958 830 207
958 926 204
958 942 201
958 950 202
958 954 210
958 957 202
959 447 103
959 703 104
959 831 101
959 927 108
959 943 103
959 951 107
959 955 108
959 957 101
960 448 103
960 704 109
960 832 205
960 928 107
960 944 110
960 952 107
960 956 110
960 958 202
960 959 102
961 449 201
961 705 203
961 833 204
961 897 205
962 450 203
962 706 101
962 834 105
962 898 110
962 961 202
963 451 110
963 707 106
963 835 101
963 899 107
963 961 202
964 452 106
964 708 110
964 836 106
964 900 108
964 962 103
964 963 104
965 453 104
965 709 107
965 837 108
965 901 110
965 961 204
966 454 101
966 710 108
966 838 104
966 902 201
966 962 102
966 965 107
967 455 101
967 711 108
967 839 209
967 903 203
967 963 103
967 965 101
968 456 106
968 712 108
968 840 207
968 904 102
968 964 110
968 966 101
968 967 102
969 457 101
969 713 107
969 841 105
969 905 105
969 961 206
970 458 106
970 714 105
970 842 207
970 906 109
970 962 108
970 969 101
971 459 203
971 715 206
971 843 109
971 907 108
971 963 110
971 969 108
972 460 102
972 716 108
972 844 106
972 908 204
972 964 103
972 970 110
972 971 103
973 461 202
973 717 202
973 845 204
973 909 208
973 965 201
973 969 201
974 462 105
974 718 209
974 846 102
974 910 107
974 966 102
974 970 108
974 973 202
975 463 106
975 719 104
975 847 104
975 911 102
975 967 104
975 971 104
975 973 202
976 464 105
976 720 108
976 848 106
976 912 205
976 968 104
976 972 107
976 974 104
976 975 105
977 465 109
977 721 103
977 849 105
977 913 108
977 961 209
978 466 209
978 722 204
978 850 207
978 914 205
978 962 201
978 977 203
979 467 104
979 723 104
979 851 103
979 915 108
979 963 107
979 977 104
980 468 204
980 724 203
980 852 203
980 916 205
980 964 202
980 978 309
980 979 207
981 469 102
981 725 105
981 853 104
981 917 106
981 965 108
981 977 103
982 470 209
982 726 205
982 854 201
982 918 210
982 966 203
982 978 305
982 981 207
983 471 105
983 727 201
983 855 108
983 919 103
983 967 110
983 979 110
983 981 107
984 472 206
984 728 107
984 856 107
984 920 102
984 968 106
984 980 209
984 982 209
984 983 104
985 473 102
985 729 102
985 857 209
985 921 209
985 969 107
985 977 107
986 474 107
986 730 108
986 858 108
986 922 110
986 970 105
986 978 202
986 985 109
987 475 101
987 731 104
987 859 204
987 923 101
987 971 105
987 979 106
987 985 102
988 476 109
988 732 103
988 860 105
988 924 102
988 972 103
988 980 208
988 986 103
988 987 103
989 477 104
989 733 101
989 861 109
989 925 103
989 973 208
989 981 106
989 985 107
990 478 101
990 734 103
990 862 106
990 926 101
990 974 103
990 982 205
990 986 109
990 989 101
991 479 107
991 735 103
991 863 104
991 927 110
991 975 104
991 983 106
991 987 109
991 989 110
992 480 207
992 736 106
992 864 107
992 928 103
992 976 106
992 984 101
992 988 102
992 990 110
992 991 108
993 481 103
993 737 103
993 865 103
993 929 107
993 961 204
994 482 110
994 738 108
994 866 107
994 930 110
994 962 102
994 993 102
995 483 105
995 739 104
995 867 110
995 931 102
995 963 110
995 993 109
996 484 203
996 740 208
996 868 304
996 932 209
996 964 204
996 994 206
996 995 209
997 485 107
997 741 209
997 869 108
997 933 102
997 965 106
997 993 108
998 486 107
998 742 110
998 870 210
998 934 106
998 966 110
998 994 106
998 997 105
999 487 206
999 743 101
999 871 108
999 935 101
999 967 108
999 995 101
999 997 109
1000 488 102
1000 744 102
1000 872 103
1000 936 101
1000 968 107
1000 996 207
1000 998 104
1000 999 108
1001 489 110
1001 745 205
1001 873 103
1001 937 108
1001 969 109
1001 993 109
1002 490 110
1002 746 105
1002 874 101
1002 938 101
1002 970 104
1002 994 101
1002 1001 109
1003 491 108
1003 747 103
1003 875 106
1003 939 110
1003 971 108
1003 995 108
1003 1001 110
1004 492 203
1004 748 301
1004 876 210
1004 940 208
1004 972 202
1004 996 301
1004 1002 205
1004 1003 209
1005 493 105
1005 749 109
1005 877 107
1005 941 204
1005 973 209
1005 997 104
1005 1001 103
1006 494 207
1006 750 106
1006 878 102
1006 942 101
1006 974 105
1006 998 104
1006 1002 104
1006 1005 107
1007 495 107
1007 751 105
1007 879 104
1007 943 108
1007 975 109
1007 999 106
1007 1003 105
1007 1005 109
1008 496 106
1008 752 104
1008 880 108
1008 944 105
1008 976 109
1008 1000 103
1008 1004 202
1008 1006 110
1008 1007 107
1009 497 104
1009 753 108
1009 881 110
1009 945 103
1009 977 104
1009 993 103
1010 498 205
1010 754 204
1010 882 207
1010 946 205
1010 978 306
1010 994 209
1010 1009 207
1011 499 101
1011 755 103
1011 883 109
1011 947 203
1011 979 104
1011 995 109
1011 1009 109
1012 500 208
1012 756 103
1012 884 110
1012 948 106
1012 980 207
1012 996 204
1012 1010 202
1012 1011 105
1013 501 210
1013 757 103
1013 885 110
1013 949 104
1013 981 101
1013 997 107
1013 1009 104
1014 502 103
1014 758 104
1014 886 107
1014 950 105
1014 982 206
1014 998 108
1014 1010 207
1014 1013 107
1015 503 103
1015 759 101
1015 887 107
1015 951 104
1015 983 101
1015 999 106
1015 1011 106
1015 1013 107
1016 504 110
1016 760 210
1016 888 103
1016 952 101
1016 984 103
1016 1000 105
1016 1012 106
1016 1014 102
1016 1015 109
1017 505 208
1017 761 202
1017 889 110
1017 953 102
1017 985 105
1017 1001 104
1017 1009 101
1018 506 103
1018 762 109
1018 890 108
1018 954 110
1018 986 104
1018 1002 107
1018 1010 209
1018 1017 105
1019 507 108
1019 763 101
1019 891 102
1019 955 107
1019 987 110
1019 1003 102
1019 1011 102
1019 1017 101
1020 508 102
1020 764 108
1020 892 106
1020 956 105
1020 988 101
1020 1004 202
1020 1012 102
1020 1018 101
1020 1019 107
1021 509 105
1021 765 107
1021 893 207
1021 957 104
1021 989 101
1021 1005 105
1021 1013 110
1021 1017 101
1022 510 108
1022 766 101
1022 894 108
1022 958 208
1022 990 110
1022 1006 107
1022 1014 106
1022 1018 109
1022 1021 107
1023 511 205
1023 767 207
1023 895 202
1023 959 204
1023 991 207
1023 1007 202
1023 1015 204
1023 1019 205
1023 1021 210
1024 512 109
1024 768 110
1024 896 103
1024 960 106
1024 992 105
1024 1008 107
1024 1016 101
1024 1020 107
1024 1022 104
1024 1023 204