1
16
23
25
39
52
57
62
75
84
100
102
109
110
118
127
133
138
147
150
162
170
175
191
192
197
200
203
218
221
241
243
256
260
262
269
275
284
287
299
301
306
327
330
337
350
353
368
375
380
397
403
410
417
424
437
444
450
459
472
480
487
494
500
501
505
514
515
521
525
530
552
556
560
565
571
578
588
597
608
617
623
627
634
644
657
668
671
674
675
696
702
715
718
727
741
745
748
760
761
775
789
792
798
801
810
811
817
824
832
839
840
842
857
859
868
870
893
902
903
908
912
921
941
947
958
961
973
978
980
982
996
1004
1010
1023