243
2 1 201
3 1 204
3 2 106
4 1 201
5 2 104
5 4 101
6 3 103
6 4 108
6 5 105
7 1 201
7 4 103
8 2 110
8 5 103
8 7 105
9 3 110
9 6 106
9 7 101
9 8 110
10 1 202
11 2 104
11 10 105
12 3 109
12 10 101
12 11 102
13 4 109
13 10 107
14 5 107
14 11 106
14 13 110
15 6 210
15 12 206
15 13 207
15 14 203
16 7 103
16 10 108
16 13 110
17 8 105
17 11 104
17 14 110
17 16 110
18 9 103
18 12 103
18 15 203
18 16 104
18 17 110
19 1 202
19 10 104
20 2 104
20 11 104
20 19 108
21 3 107
21 12 109
21 19 102
21 20 101
22 4 109
22 13 109
22 19 101
23 5 106
23 14 106
23 20 103
23 22 102
24 6 110
24 15 206
24 21 101
24 22 102
24 23 109
25 7 106
25 16 107
25 19 110
25 22 102
26 8 203
26 17 201
26 20 201
26 23 202
26 25 206
27 9 108
27 18 102
27 21 103
27 24 104
27 25 106
27 26 201
28 1 209
29 2 107
29 28 104
30 3 107
30 28 109
30 29 105
31 4 108
31 28 104
32 5 109
32 29 107
32 31 107
33 6 208
33 30 201
33 31 209
33 32 207
34 7 103
34 28 106
34 31 108
35 8 107
35 29 102
35 32 101
35 34 108
36 9 105
36 30 110
36 33 204
36 34 103
36 35 110
37 10 104
37 28 101
38 11 109
38 29 108
38 37 105
39 12 103
39 30 106
39 37 101
39 38 108
40 13 109
40 31 101
40 37 110
41 14 101
41 32 109
41 38 107
41 40 108
42 15 208
42 33 203
42 39 102
42 40 109
42 41 101
43 16 102
43 34 101
43 37 104
43 40 108
44 17 208
44 35 203
44 38 205
44 41 209
44 43 203
45 18 104
45 36 102
45 39 104
45 42 107
45 43 101
45 44 206
46 19 207
46 28 205
46 37 206
47 20 107
47 29 110
47 38 104
47 46 202
48 21 102
48 30 109
48 39 105
48 46 204
48 47 102
49 22 106
49 31 103
49 40 107
49 46 203
50 23 110
50 32 105
50 41 109
50 47 106
50 49 110
51 24 109
51 33 209
51 42 103
51 48 105
51 49 109
51 50 104
52 25 108
52 34 104
52 43 109
52 46 204
52 49 105
53 26 207
53 35 109
53 44 206
53 47 110
53 50 108
53 52 101
54 27 107
54 36 103
54 45 103
54 48 107
54 51 110
54 52 106
54 53 104
55 1 202
55 28 105
56 2 107
56 29 104
56 55 102
57 3 106
57 30 105
57 55 108
57 56 104
58 4 105
58 31 105
58 55 104
59 5 101
59 32 101
59 56 105
59 58 104
60 6 210
60 33 307
60 57 210
60 58 208
60 59 203
61 7 105
61 34 109
61 55 110
61 58 108
62 8 108
62 35 103
62 56 103
62 59 105
62 61 108
63 9 106
63 36 103
63 57 106
63 60 204
63 61 109
63 62 103
64 10 109
64 37 107
64 55 104
65 11 203
65 38 206
65 56 203
65 64 203
66 12 103
66 39 110
66 57 104
66 64 107
66 65 207
67 13 109
67 40 101
67 58 109
67 64 103
68 14 107
68 41 102
68 59 101
68 65 202
68 67 102
69 15 210
69 42 106
69 60 202
69 66 108
69 67 101
69 68 110
70 16 108
70 43 109
70 61 101
70 64 109
70 67 103
71 17 103
71 44 203
71 62 109
71 65 208
71 68 106
71 70 107
72 18 103
72 45 107
72 63 109
72 66 101
72 69 105
72 70 102
72 71 104
73 19 104
73 46 205
73 55 101
73 64 107
74 20 109
74 47 105
74 56 109
74 65 201
74 73 104
75 21 107
75 48 110
75 57 104
75 66 102
75 73 101
75 74 108
76 22 101
76 49 104
76 58 102
76 67 107
76 73 101
77 23 104
77 50 107
77 59 101
77 68 108
77 74 107
77 76 110
78 24 102
78 51 108
78 60 207
78 69 105
78 75 105
78 76 105
78 77 109
79 25 207
79 52 203
79 61 205
79 70 207
79 73 208
79 76 203
80 26 203
80 53 110
80 62 108
80 71 109
80 74 106
80 77 103
80 79 209
81 27 102
81 54 106
81 63 107
81 72 106
81 75 103
81 78 101
81 79 204
81 80 105
82 1 208
83 2 105
83 82 101
84 3 105
84 82 105
84 83 101
85 4 101
85 82 101
86 5 102
86 83 104
86 85 106
87 6 101
87 84 101
87 85 105
87 86 105
88 7 101
88 82 102
88 85 101
89 8 102
89 83 102
89 86 108
89 88 105
90 9 206
90 84 208
90 87 202
90 88 202
90 89 207
91 10 108
91 82 105
92 11 203
92 83 205
92 91 210
93 12 109
93 84 105
93 91 104
93 92 208
94 13 106
94 85 103
94 91 102
95 14 103
95 86 109
95 92 206
95 94 110
96 15 205
96 87 106
96 93 109
96 94 107
96 95 101
97 16 105
97 88 105
97 91 108
97 94 106
98 17 107
98 89 108
98 92 201
98 95 107
98 97 102
99 18 108
99 90 205
99 93 104
99 96 105
99 97 110
99 98 104
100 19 108
100 82 107
100 91 109
101 20 105
101 83 102
101 92 204
101 100 101
102 21 101
102 84 110
102 93 110
102 100 107
102 101 101
103 22 206
103 85 204
103 94 205
103 100 202
104 23 110
104 86 110
104 95 108
104 101 101
104 103 202
105 24 109
105 87 107
105 96 108
105 102 110
105 103 202
105 104 106
106 25 110
106 88 109
106 97 108
106 100 108
106 103 209
107 26 206
107 89 108
107 98 110
107 101 106
107 104 110
107 106 101
108 27 108
108 90 210
108 99 102
108 102 105
108 105 105
108 106 103
108 107 107
109 28 108
109 82 108
110 29 202
110 83 207
110 109 205
111 30 108
111 84 103
111 109 107
111 110 204
112 31 104
112 85 107
112 109 107
113 32 106
113 86 104
113 110 203
113 112 110
114 33 208
114 87 103
114 111 103
114 112 109
114 113 104
115 34 103
115 88 107
115 109 108
115 112 102
116 35 102
116 89 102
116 110 209
116 113 101
116 115 105
117 36 109
117 90 207
117 111 109
117 114 107
117 115 109
117 116 110
118 37 109
118 91 104
118 109 110
119 38 110
119 92 201
119 110 205
119 118 103
120 39 102
120 93 103
120 111 101
120 118 109
120 119 101
121 40 204
121 94 203
121 112 205
121 118 205
122 41 105
122 95 102
122 113 109
122 119 107
122 121 209
123 42 107
123 96 101
123 114 103
123 120 102
123 121 205
123 122 102
124 43 110
124 97 101
124 115 103
124 118 104
124 121 201
125 44 210
125 98 108
125 116 108
125 119 103
125 122 110
125 124 108
126 45 109
126 99 104
126 117 107
126 120 108
126 123 109
126 124 104
126 125 108
127 46 203
127 100 105
127 109 103
127 118 106
128 47 102
128 101 108
128 110 207
128 119 102
128 127 108
129 48 105
129 102 107
129 111 105
129 120 105
129 127 104
129 128 103
130 49 104
130 103 209
130 112 103
130 121 208
130 127 105
131 50 106
131 104 105
131 113 109
131 122 105
131 128 103
131 130 108
132 51 103
132 105 104
132 114 104
132 123 103
132 129 105
132 130 104
132 131 101
133 52 102
133 106 108
133 115 109
133 124 106
133 127 102
133 130 103
134 53 102
134 107 101
134 116 102
134 125 106
134 128 104
134 131 107
134 133 110
135 54 208
135 108 209
135 117 209
135 126 203
135 129 202
135 132 202
135 133 210
135 134 206
136 55 206
136 82 203
136 109 204
137 56 101
137 83 107
137 110 207
137 136 207
138 57 107
138 84 108
138 111 107
138 136 202
138 137 109
139 58 105
139 85 105
139 112 105
139 136 203
140 59 105
140 86 101
140 113 109
140 137 104
140 139 105
141 60 202
141 87 108
141 114 105
141 138 106
141 139 106
141 140 107
142 61 105
142 88 105
142 115 108
142 136 204
142 139 107
143 62 106
143 89 108
143 116 104
143 137 105
143 140 107
143 142 106
144 63 104
144 90 206
144 117 110
144 138 107
144 141 105
144 142 106
144 143 105
145 64 109
145 91 107
145 118 109
145 136 209
146 65 209
146 92 205
146 119 101
146 137 101
146 145 105
147 66 106
147 93 102
147 120 108
147 138 101
147 145 104
147 146 105
148 67 101
148 94 108
148 121 205
148 139 102
148 145 102
149 68 104
149 95 101
149 122 101
149 140 108
149 146 105
149 148 103
150 69 105
150 96 109
150 123 110
150 141 110
150 147 101
150 148 103
150 149 108
151 70 104
151 97 104
151 124 101
151 142 106
151 145 105
151 148 105
152 71 110
152 98 103
152 125 101
152 143 107
152 146 110
152 149 106
152 151 102
153 72 208
153 99 206
153 126 210
153 144 210
153 147 208
153 150 210
153 151 205
153 152 210
154 73 101
154 100 108
154 127 109
154 136 202
154 145 103
155 74 102
155 101 107
155 128 107
155 137 105
155 146 106
155 154 104
156 75 106
156 102 103
156 129 102
156 138 107
156 147 101
156 154 103
156 155 103
157 76 102
157 103 210
157 130 107
157 139 105
157 148 106
157 154 102
158 77 201
158 104 207
158 131 202
158 140 208
158 149 205
158 155 208
158 157 208
159 78 104
159 105 102
159 132 107
159 141 101
159 150 106
159 156 106
159 157 108
159 158 208
160 79 208
160 106 104
160 133 110
160 142 103
160 151 106
160 154 102
160 157 109
161 80 101
161 107 109
161 134 103
161 143 105
161 152 101
161 155 102
161 158 202
161 160 102
162 81 110
162 108 102
162 135 210
162 144 102
162 153 207
162 156 106
162 159 110
162 160 107
162 161 102
163 1 201
163 82 109
164 2 104
164 83 109
164 163 108
165 3 106
165 84 101
165 163 103
165 164 102
166 4 105
166 85 110
166 163 105
167 5 208
167 86 206
167 164 205
167 166 203
168 6 103
168 87 110
168 165 108
168 166 101
168 167 205
169 7 102
169 88 110
169 163 101
169 166 106
170 8 106
170 89 104
170 164 105
170 167 204
170 169 102
171 9 105
171 90 208
171 165 104
171 168 110
171 169 102
171 170 106
172 10 104
172 91 102
172 163 101
173 11 102
173 92 204
173 164 110
173 172 102
174 12 103
174 93 106
174 165 101
174 172 101
174 173 104
175 13 109
175 94 109
175 166 103
175 172 110
176 14 108
176 95 105
176 167 202
176 173 106
176 175 106
177 15 203
177 96 109
177 168 102
177 174 103
177 175 103
177 176 101
178 16 203
178 97 209
178 169 202
178 172 202
178 175 201
179 17 106
179 98 101
179 170 105
179 173 106
179 176 101
179 178 208
180 18 110
180 99 107
180 171 108
180 174 103
180 177 109
180 178 209
180 179 103
181 19 109
181 100 102
181 163 107
181 172 103
182 20 105
182 101 109
182 164 102
182 173 110
182 181 108
183 21 205
183 102 209
183 165 204
183 174 206
183 181 201
183 182 209
184 22 102
184 103 205
184 166 102
184 175 104
184 181 104
185 23 101
185 104 108
185 167 206
185 176 108
185 182 109
185 184 104
186 24 109
186 105 109
186 168 104
186 177 101
186 183 202
186 184 110
186 185 105
187 25 102
187 106 105
187 169 110
187 178 201
187 181 104
187 184 105
188 26 207
188 107 108
188 170 104
188 179 108
188 182 104
188 185 104
188 187 110
189 27 105
189 108 107
189 171 109
189 180 109
189 183 202
189 186 101
189 187 107
189 188 110
190 28 107
190 109 104
190 163 106
191 29 107
191 110 208
191 164 110
191 190 110
192 30 105
192 111 105
192 165 103
192 190 101
192 191 105
193 31 108
193 112 102
193 166 110
193 190 106
194 32 109
194 113 104
194 167 205
194 191 108
194 193 104
195 33 208
195 114 101
195 168 110
195 192 105
195 193 106
195 194 108
196 34 201
196 115 206
196 169 205
196 190 201
196 193 205
197 35 107
197 116 106
197 170 107
197 191 104
197 194 108
197 196 205
198 36 104
198 117 110
198 171 105
198 192 102
198 195 110
198 196 206
198 197 110
199 37 101
199 118 101
199 172 101
199 190 103
200 38 106
200 119 101
200 173 107
200 191 101
200 199 103
201 39 210
201 120 205
201 174 204
201 192 203
201 199 204
201 200 204
202 40 101
202 121 201
202 175 101
202 193 108
202 199 102
203 41 103
203 122 103
203 176 101
203 194 109
203 200 109
203 202 106
204 42 102
204 123 106
204 177 106
204 195 109
204 201 202
204 202 108
204 203 102
205 43 109
205 124 103
205 178 203
205 196 207
205 199 109
205 202 105
206 44 202
206 125 105
206 179 110
206 197 101
206 200 104
206 203 102
206 205 104
207 45 104
207 126 104
207 180 104
207 198 101
207 201 201
207 204 105
207 205 110
207 206 109
208 46 206
208 127 109
208 181 104
208 190 110
208 199 104
209 47 108
209 128 106
209 182 102
209 191 101
209 200 105
209 208 107
210 48 103
210 129 110
210 183 208
210 192 106
210 201 208
210 208 102
210 209 103
211 49 109
211 130 102
211 184 106
211 193 106
211 202 104
211 208 101
212 50 208
212 131 206
212 185 205
212 194 209
212 203 210
212 209 203
212 211 205
213 51 101
213 132 107
213 186 107
213 195 107
213 204 104
213 210 102
213 211 109
213 212 207
214 52 110
214 133 104
214 187 101
214 196 206
214 205 110
214 208 105
214 211 103
215 53 102
215 134 109
215 188 109
215 197 108
215 206 101
215 209 102
215 212 205
215 214 107
216 54 110
216 135 208
216 189 107
216 198 104
216 207 104
216 210 101
216 213 101
216 214 106
216 215 102
217 55 105
217 136 202
217 163 104
217 190 104
218 56 101
218 137 104
218 164 103
218 191 106
218 217 105
219 57 108
219 138 109
219 165 105
219 192 107
219 217 109
219 218 101
220 58 109
220 139 110
220 166 108
220 193 103
220 217 108
221 59 103
221 140 101
221 167 205
221 194 105
221 218 102
221 220 103
222 60 205
222 141 105
222 168 107
222 195 105
222 219 110
222 220 101
222 221 110
223 61 110
223 142 106
223 169 104
223 196 203
223 217 102
223 220 109
224 62 209
224 143 202
224 170 207
224 197 209
224 218 207
224 221 210
224 223 207
225 63 110
225 144 110
225 171 108
225 198 103
225 219 105
225 222 108
225 223 106
225 224 206
226 64 102
226 145 104
226 172 107
226 199 106
226 217 108
227 65 201
227 146 102
227 173 110
227 200 108
227 218 109
227 226 109
228 66 109
228 147 109
228 174 110
228 201 201
228 219 109
228 226 108
228 227 110
229 67 201
229 148 202
229 175 204
229 202 208
229 220 206
229 226 210
230 68 106
230 149 102
230 176 109
230 203 101
230 221 109
230 227 101
230 229 209
231 69 106
231 150 109
231 177 110
231 204 107
231 222 103
231 228 110
231 229 202
231 230 104
232 70 109
232 151 104
232 178 203
232 205 101
232 223 108
232 226 110
232 229 202
233 71 105
233 152 103
233 179 102
233 206 101
233 224 202
233 227 102
233 230 105
233 232 107
234 72 110
234 153 202
234 180 101
234 207 103
234 225 101
234 228 109
234 231 105
234 232 108
234 233 106
235 73 106
235 154 101
235 181 109
235 208 105
235 217 101
235 226 102
236 74 104
236 155 103
236 182 101
236 209 104
236 218 104
236 227 106
236 235 102
237 75 209
237 156 209
237 183 308
237 210 205
237 219 205
237 228 210
237 235 206
237 236 207
238 76 103
238 157 108
238 184 106
238 211 105
238 220 105
238 229 206
238 235 105
239 77 104
239 158 208
239 185 109
239 212 203
239 221 109
239 230 105
239 236 108
239 238 110
240 78 106
240 159 103
240 186 101
240 213 109
240 222 110
240 231 104
240 237 209
240 238 108
240 239 103
241 79 207
241 160 101
241 187 110
241 214 102
241 223 105
241 232 106
241 235 102
241 238 108
242 80 104
242 161 110
242 188 108
242 215 102
242 224 205
242 233 105
242 236 109
242 239 102
242 241 105
243 81 107
243 162 102
243 189 103
243 216 109
243 225 109
243 234 106
243 237 209
243 240 103
243 241 101
243 242 107