256
1 129 100
1 65 101
1 33 108
1 17 105
1 9 105
1 5 102
1 3 100
1 2 107
2 130 107
2 66 110
2 34 104
2 18 105
2 10 109
2 6 100
2 4 100
3 131 105
3 67 107
3 35 100
3 19 104
3 11 100
3 7 104
3 4 107
4 132 106
4 68 110
4 36 109
4 20 105
4 12 101
4 8 107
5 133 104
5 69 107
5 37 110
5 21 108
5 13 102
5 7 100
5 6 108
6 134 103
6 70 106
6 38 108
6 22 110
6 14 104
6 8 102
7 135 110
7 71 107
7 39 108
7 23 107
7 15 100
7 8 106
8 136 109
8 72 102
8 40 104
8 24 108
8 16 105
9 137 102
9 73 103
9 41 103
9 25 101
9 13 105
9 11 109
9 10 110
10 138 100
10 74 109
10 42 105
10 26 105
10 14 103
10 12 110
11 139 105
11 75 102
11 43 100
11 27 110
11 15 100
11 12 105
12 140 104
12 76 103
12 44 110
12 28 105
12 16 105
13 141 110
13 77 100
13 45 108
13 29 108
13 15 109
13 14 101
14 142 100
14 78 107
14 46 109
14 30 106
14 16 108
15 143 107
15 79 110
15 47 109
15 31 102
15 16 103
16 144 103
16 80 105
16 48 106
16 32 109
17 145 104
17 81 109
17 49 102
17 25 104
17 21 105
17 19 105
17 18 103
18 146 101
18 82 101
18 50 106
18 26 108
18 22 100
18 20 105
19 147 105
19 83 110
19 51 108
19 27 106
19 23 109
19 20 106
20 148 109
20 84 101
20 52 102
20 28 107
20 24 101
21 149 101
21 85 103
21 53 100
21 29 104
21 23 100
21 22 107
22 150 110
22 86 102
22 54 101
22 30 103
22 24 109
23 151 107
23 87 101
23 55 107
23 31 104
23 24 104
24 152 105
24 88 101
24 56 106
24 32 109
25 153 106
25 89 110
25 57 106
25 29 101
25 27 110
25 26 104
26 154 101
26 90 106
26 58 102
26 30 105
26 28 105
27 155 110
27 91 101
27 59 102
27 31 103
27 28 106
28 156 101
28 92 107
28 60 106
28 32 108
29 157 102
29 93 105
29 61 104
29 31 102
29 30 100
30 158 109
30 94 104
30 62 101
30 32 110
31 159 104
31 95 101
31 63 109
31 32 101
32 160 101
32 96 100
32 64 104
33 161 102
33 97 101
33 49 108
33 41 105
33 37 103
33 35 104
33 34 108
34 162 110
34 98 107
34 50 102
34 42 107
34 38 109
34 36 102
35 163 109
35 99 105
35 51 105
35 43 106
35 39 108
35 36 108
36 164 105
36 100 110
36 52 106
36 44 104
36 40 109
37 165 107
37 101 107
37 53 110
37 45 110
37 39 109
37 38 103
38 166 105
38 102 105
38 54 101
38 46 104
38 40 106
39 167 109
39 103 104
39 55 108
39 47 109
39 40 107
40 168 108
40 104 107
40 56 108
40 48 100
41 169 109
41 105 105
41 57 105
41 45 100
41 43 107
41 42 105
42 170 107
42 106 107
42 58 102
42 46 110
42 44 109
43 171 109
43 107 105
43 59 101
43 47 104
43 44 110
44 172 102
44 108 104
44 60 103
44 48 105
45 173 109
45 109 104
45 61 105
45 47 108
45 46 104
46 174 102
46 110 110
46 62 101
46 48 106
47 175 106
47 111 100
47 63 100
47 48 108
48 176 108
48 112 103
48 64 104
49 177 107
49 113 107
49 57 102
49 53 109
49 51 107
49 50 109
50 178 101
50 114 100
50 58 108
50 54 106
50 52 102
51 179 102
51 115 100
51 59 104
51 55 110
51 52 110
52 180 104
52 116 102
52 60 107
52 56 103
53 181 108
53 117 108
53 61 104
53 55 103
53 54 102
54 182 100
54 118 102
54 62 110
54 56 102
55 183 109
55 119 101
55 63 104
55 56 106
56 184 101
56 120 109
56 64 101
57 185 110
57 121 102
57 61 102
57 59 101
57 58 102
58 186 106
58 122 107
58 62 108
58 60 107
59 187 108
59 123 107
59 63 106
59 60 100
60 188 106
60 124 102
60 64 103
61 189 107
61 125 101
61 63 108
61 62 105
62 190 106
62 126 106
62 64 103
63 191 107
63 127 101
63 64 101
64 192 105
64 128 109
65 193 108
65 97 106
65 81 108
65 73 103
65 69 101
65 67 105
65 66 103
66 194 106
66 98 105
66 82 104
66 74 102
66 70 104
66 68 104
67 195 104
67 99 105
67 83 104
67 75 103
67 71 100
67 68 104
68 196 102
68 100 107
68 84 107
68 76 105
68 72 108
69 197 107
69 101 110
69 85 105
69 77 110
69 71 103
69 70 105
70 198 105
70 102 107
70 86 104
70 78 106
70 72 110
71 199 101
71 103 107
71 87 103
71 79 105
71 72 105
72 200 109
72 104 100
72 88 103
72 80 107
73 201 106
73 105 110
73 89 102
73 77 110
73 75 102
73 74 109
74 202 107
74 106 105
74 90 108
74 78 100
74 76 101
75 203 107
75 107 107
75 91 104
75 79 106
75 76 108
76 204 110
76 108 107
76 92 103
76 80 108
77 205 101
77 109 100
77 93 105
77 79 100
77 78 101
78 206 109
78 110 108
78 94 108
78 80 104
79 207 100
79 111 106
79 95 105
79 80 100
80 208 105
80 112 104
80 96 102
81 209 104
81 113 106
81 89 107
81 85 107
81 83 105
81 82 103
82 210 108
82 114 104
82 90 107
82 86 103
82 84 100
83 211 101
83 115 105
83 91 108
83 87 102
83 84 100
84 212 100
84 116 101
84 92 107
84 88 103
85 213 100
85 117 105
85 93 105
85 87 105
85 86 104
86 214 101
86 118 103
86 94 109
86 88 107
87 215 106
87 119 107
87 95 103
87 88 100
88 216 110
88 120 105
88 96 100
89 217 109
89 121 100
89 93 104
89 91 105
89 90 106
90 218 108
90 122 107
90 94 105
90 92 100
91 219 101
91 123 110
91 95 102
91 92 103
92 220 106
92 124 106
92 96 101
93 221 106
93 125 110
93 95 103
93 94 109
94 222 110
94 126 102
94 96 102
95 223 104
95 127 108
95 96 109
96 224 102
96 128 108
97 225 107
97 113 104
97 105 102
97 101 107
97 99 101
97 98 102
98 226 101
98 114 106
98 106 100
98 102 101
98 100 106
99 227 104
99 115 100
99 107 107
99 103 104
99 100 109
100 228 101
100 116 110
100 108 100
100 104 100
101 229 105
101 117 108
101 109 110
101 103 102
101 102 103
102 230 108
102 118 105
102 110 108
102 104 107
103 231 107
103 119 108
103 111 100
103 104 102
104 232 102
104 120 106
104 112 107
105 233 106
105 121 104
105 109 102
105 107 102
105 106 107
106 234 101
106 122 108
106 110 101
106 108 100
107 235 107
107 123 101
107 111 110
107 108 105
108 236 106
108 124 110
108 112 100
109 237 106
109 125 107
109 111 105
109 110 100
110 238 104
110 126 105
110 112 108
111 239 100
111 127 104
111 112 110
112 240 105
112 128 103
113 241 104
113 121 108
113 117 102
113 115 101
113 114 104
114 242 110
114 122 110
114 118 102
114 116 100
115 243 101
115 123 105
115 119 101
115 116 105
116 244 101
116 124 109
116 120 104
117 245 104
117 125 103
117 119 107
117 118 106
118 246 109
118 126 108
118 120 109
119 247 107
119 127 104
119 120 110
120 248 106
120 128 103
121 249 105
121 125 105
121 123 104
121 122 102
122 250 100
122 126 104
122 124 105
123 251 103
123 127 101
123 124 102
124 252 108
124 128 105
125 253 107
125 127 109
125 126 102
126 254 107
126 128 102
127 255 104
127 128 100
128 256 105
129 193 102
129 161 108
129 145 105
129 137 100
129 133 102
129 131 107
129 130 104
130 194 102
130 162 110
130 146 101
130 138 108
130 134 110
130 132 101
131 195 106
131 163 100
131 147 103
131 139 103
131 135 105
131 132 109
132 196 109
132 164 107
132 148 103
132 140 108
132 136 106
133 197 100
133 165 100
133 149 101
133 141 108
133 135 100
133 134 105
134 198 110
134 166 102
134 150 102
134 142 100
134 136 107
135 199 107
135 167 105
135 151 102
135 143 107
135 136 104
136 200 102
136 168 102
136 152 104
136 144 105
137 201 109
137 169 110
137 153 104
137 141 100
137 139 105
137 138 100
138 202 108
138 170 106
138 154 109
138 142 103
138 140 102
139 203 105
139 171 104
139 155 104
139 143 110
139 140 110
140 204 109
140 172 109
140 156 103
140 144 101
141 205 110
141 173 107
141 157 105
141 143 110
141 142 107
142 206 108
142 174 105
142 158 106
142 144 101
143 207 110
143 175 109
143 159 101
143 144 100
144 208 103
144 176 101
144 160 101
145 209 105
145 177 100
145 153 106
145 149 109
145 147 105
145 146 107
146 210 108
146 178 107
146 154 100
146 150 102
146 148 107
147 211 103
147 179 100
147 155 101
147 151 110
147 148 102
148 212 104
148 180 106
148 156 101
148 152 100
149 213 107
149 181 108
149 157 107
149 151 100
149 150 106
150 214 110
150 182 110
150 158 104
150 152 105
151 215 109
151 183 110
151 159 106
151 152 107
152 216 105
152 184 105
152 160 101
153 217 110
153 185 106
153 157 103
153 155 105
153 154 107
154 218 107
154 186 101
154 158 106
154 156 106
155 219 107
155 187 105
155 159 106
155 156 106
156 220 104
156 188 101
156 160 105
157 221 108
157 189 100
157 159 100
157 158 105
158 222 103
158 190 100
158 160 102
159 223 101
159 191 104
159 160 106
160 224 106
160 192 106
161 225 110
161 177 108
161 169 105
161 165 105
161 163 107
161 162 107
162 226 104
162 178 105
162 170 105
162 166 107
162 164 105
163 227 103
163 179 106
163 171 103
163 167 107
163 164 105
164 228 110
164 180 102
164 172 104
164 168 106
165 229 108
165 181 110
165 173 107
165 167 109
165 166 105
166 230 102
166 182 101
166 174 109
166 168 102
167 231 107
167 183 100
167 175 110
167 168 103
168 232 109
168 184 103
168 176 110
169 233 105
169 185 101
169 173 104
169 171 107
169 170 104
170 234 101
170 186 108
170 174 101
170 172 104
171 235 103
171 187 103
171 175 108
171 172 103
172 236 103
172 188 100
172 176 106
173 237 105
173 189 102
173 175 101
173 174 110
174 238 109
174 190 105
174 176 104
175 239 108
175 191 101
175 176 101
176 240 100
176 192 101
177 241 105
177 185 104
177 181 109
177 179 104
177 178 104
178 242 107
178 186 103
178 182 100
178 180 108
179 243 109
179 187 110
179 183 109
179 180 108
180 244 101
180 188 106
180 184 100
181 245 108
181 189 105
181 183 109
181 182 103
182 246 109
182 190 106
182 184 104
183 247 108
183 191 105
183 184 110
184 248 104
184 192 106
185 249 108
185 189 109
185 187 103
185 186 102
186 250 108
186 190 107
186 188 109
187 251 100
187 191 107
187 188 109
188 252 103
188 192 100
189 253 101
189 191 104
189 190 101
190 254 107
190 192 106
191 255 108
191 192 109
192 256 108
193 225 106
193 209 109
193 201 109
193 197 105
193 195 101
193 194 104
194 226 104
194 210 107
194 202 101
194 198 100
194 196 101
195 227 105
195 211 107
195 203 102
195 199 104
195 196 110
196 228 106
196 212 107
196 204 109
196 200 103
197 229 109
197 213 108
197 205 104
197 199 100
197 198 105
198 230 105
198 214 104
198 206 105
198 200 108
199 231 110
199 215 103
199 207 101
199 200 101
200 232 100
200 216 110
200 208 104
201 233 102
201 217 110
201 205 109
201 203 102
201 202 101
202 234 102
202 218 103
202 206 106
202 204 104
203 235 106
203 219 104
203 207 104
203 204 104
204 236 106
204 220 104
204 208 101
205 237 107
205 221 110
205 207 107
205 206 104
206 238 109
206 222 109
206 208 108
207 239 104
207 223 100
207 208 105
208 240 107
208 224 107
209 241 107
209 217 108
209 213 104
209 211 103
209 210 104
210 242 103
210 218 107
210 214 101
210 212 103
211 243 107
211 219 109
211 215 103
211 212 101
212 244 106
212 220 100
212 216 110
213 245 104
213 221 105
213 215 103
213 214 102
214 246 103
214 222 109
214 216 101
215 247 106
215 223 100
215 216 105
216 248 104
216 224 101
217 249 108
217 221 107
217 219 100
217 218 108
218 250 106
218 222 103
218 220 104
219 251 103
219 223 105
219 220 107
220 252 109
220 224 102
221 253 105
221 223 104
221 222 100
222 254 100
222 224 102
223 255 106
223 224 109
224 256 104
225 241 109
225 233 103
225 229 101
225 227 103
225 226 110
226 242 106
226 234 104
226 230 105
226 228 106
227 243 110
227 235 104
227 231 100
227 228 104
228 244 106
228 236 108
228 232 109
229 245 101
229 237 101
229 231 107
229 230 109
230 246 106
230 238 107
230 232 110
231 247 100
231 239 110
231 232 102
232 248 110
232 240 105
233 249 103
233 237 107
233 235 106
233 234 109
234 250 109
234 238 107
234 236 108
235 251 107
235 239 103
235 236 105
236 252 107
236 240 103
237 253 109
237 239 104
237 238 110
238 254 103
238 240 110
239 255 101
239 240 104
240 256 109
241 249 110
241 245 103
241 243 105
241 242 105
242 250 108
242 246 110
242 244 107
243 251 102
243 247 110
243 244 106
244 252 101
244 248 102
245 253 109
245 247 102
245 246 101
246 254 109
246 248 106
247 255 106
247 248 109
248 256 107
249 253 104
249 251 109
249 250 107
250 254 101
250 252 100
251 255 107
251 252 106
252 256 105
253 255 106
253 254 100
254 256 103
255 256 109