5
20
25
34
43
44
60
62
67
78
95
96
99
105
108
113
117
132
133
144
153
171
183
184
186
201
210
212
223
226
232
237
266
271
275
280
296
297
307
309
326
328
338
361
362
375
395
412
413
428
430
431
433
440
454
455
457
469
476
484
485
502
507
510
523
534
545
552
564
575
578
583
589
592
600
602
628
631
648
650
662
668
675
685
701
707
723
734
742
748
753
761
768
772
785
800
807
814
826
845
859
868
879
884
886
893
897
911
915
918
919
930
955
970
981
984
999
1003
1008
1032
1033
1052
1063
1069
1078
1102
1103
1108
1109
1122
1147
1169
1171
1182
1185
1200
1206
1215
1219
1226
1229
1256
1269
1276
1304
1310
1311
1316
1318
1329
1338
1343
1345
1347
1369
1389
1392
1399
1402
1404
1410
1415
1419
1435
1454
1460
1488
1493
1494
1496
1504
1507
1513
1515
1529
1538
1550
1552
1555
1559
1588
1593
1621
1626
1637
1643
1651
1662
1664
1671
1675
1681
1695
1706
1716
1717
1732
1734
1745
1752
1753
1755
1770
1775
1779
1790
1797
1804
1805
1810
1821
1827
1830
1836
1855
1857
1859
1864
1868
1886
1898
1911
1934
1946
1960
1961
1973
1984
1985
1988
2012
2015
2022
2029
2034
2035
2057
2064
2071
2086
2105
2114
2116
2129
2134
2150
2157
2159
2168
2170
2183
2190
2197
2203
2206
2209
2214
2228
2239
2247
2250
2252
2285
2291
2304
2305
2330
2340
2343
2349
2354
2363
2368
2379
2380
2397
2398
2406
2420
2432
2440
2450
2463
2467
2474
2476
2497
2510
2515
2520
2543
2549
2553
2563
2566
2580
2588
2589
2595
2602
2613
2621
2641
2666
2670
2683
2690
2711
2729
2736
2738
2743
2757
2760
2763
2767
2777
2784
2788
2806
2822
2825
2831
2838
2859
2872
2875
2880
2884
2892
2903
2913
2917
2929
2944
2949
2956
2969
2981
2996
3006
3022
3026
3033
3041
3043
3048
3066
3068
3071
3075
3080
3090
3101
3114
3123
3136
3141
3148
3163
3164
3169
3192
3197
3206
3212
3215
3224
3232
3236
3237
3257
3265
3270
3287
3293
3307
3310
3314
3342
3344
3346
3348
3349
3369
3371
3397
3399
3402
3424
3427
3440
3446
3465
3469
3493
3496
3510
3511
3516
3517
3518
3524
3537
3539
3546
3554
3567
3570
3583
3585
3596
3607
3612
3631
3637
3644
3651
3657
3670
3678
3679
3684
3687
3688
3689
3698
3718
3725
3729
3738
3748
3750
3771
3772
3776
3778
3792
3796
3809
3815
3837
3848
3859
3865
3867
3874
3879
3886
3896
3902
3910
3919
3924
3930
3953
3961
3963
3971
3978
3988
3992
4000
4015
4017
4039
4043
4053
4061
4076
4077
4088
4090