1
4
6
7
10
11
13
16
18
19
21
24
25
28
30
31
34
35
37
40
41
44
46
47
49
52
54
55
58
59
61
64
66
67
69
72
73
76
78
79
81
84
86
87
90
91
93
96
97
100
102
103
106
107
109
112
114
115
117
120
121
124
126
127
130
131
133
136
137
140
142
143
145
148
150
151
154
155
157
160
161
164
166
167
170
171
173
176
178
179
181
184
185
188
190
191
193
196
198
199
202
203
205
208
210
211
213
216
217
220
222
223
226
227
229
232
233
236
238
239
241
244
246
247
250
251
253
256
258
259
261
264
265
268
270
271
273
276
278
279
282
283
285
288
289
292
294
295
298
299
301
304
306
307
309
312
313
316
318
319
321
324
326
327
330
331
333
336
338
339
341
344
345
348
350
351
354
355
357
360
361
364
366
367
369
372
374
375
378
379
381
384
385
388
390
391
394
395
397
400
402
403
405
408
409
412
414
415
418
419
421
424
425
428
430
431
433
436
438
439
442
443
445
448
450
451
453
456
457
460
462
463
465
468
470
471
474
475
477
480
481
484
486
487
490
491
493
496
498
499
501
504
505
508
510
511
514
515
517
520
521
524
526
527
529
532
534
535
538
539
541
544
545
548
550
551
554
555
557
560
562
563
565
568
569
572
574
575
577
580
582
583
586
587
589
592
594
595
597
600
601
604
606
607
610
611
613
616
617
620
622
623
625
628
630
631
634
635
637
640
641
644
646
647
650
651
653
656
658
659
661
664
665
668
670
671
674
675
677
680
681
684
686
687
689
692
694
695
698
699
701
704
706
707
709
712
713
716
718
719
721
724
726
727
730
731
733
736
737
740
742
743
746
747
749
752
754
755
757
760
761
764
766
767
769
772
774
775
778
779
781
784
786
787
789
792
793
796
798
799
802
803
805
808
809
812
814
815
817
820
822
823
826
827
829
832
834
835
837
840
841
844
846
847
849
852
854
855
858
859
861
864
865
868
870
871
874
875
877
880
882
883
885
888
889
892
894
895
898
899
901
904
905
908
910
911
913
916
918
919
922
923
925
928
929
932
934
935
938
939
941
944
946
947
949
952
953
956
958
959
961
964
966
967
970
971
973
976
978
979
981
984
985
988
990
991
994
995
997
1000
1001
1004
1006
1007
1009
1012
1014
1015
1018
1019
1021
1024
1026
1027
1029
1032
1033
1036
1038
1039
1041
1044
1046
1047
1050
1051
1053
1056
1057
1060
1062
1063
1066
1067
1069
1072
1074
1075
1077
1080
1081
1084
1086
1087
1089
1092
1094
1095
1098
1099
1101
1104
1106
1107
1109
1112
1113
1116
1118
1119
1122
1123
1125
1128
1129
1132
1134
1135
1137
1140
1142
1143
1146
1147
1149
1152
1153
1156
1158
1159
1162
1163
1165
1168
1170
1171
1173
1176
1177
1180
1182
1183
1186
1187
1189
1192
1193
1196
1198
1199
1201
1204
1206
1207
1210
1211
1213
1216
1218
1219
1221
1224
1225
1228
1230
1231
1233
1236
1238
1239
1242
1243
1245
1248
1249
1252
1254
1255
1258
1259
1261
1264
1266
1267
1269
1272
1273
1276
1278
1279
1281
1284
1286
1287
1290
1291
1293
1296
1298
1299
1301
1304
1305
1308
1310
1311
1314
1315
1317
1320
1321
1324
1326
1327
1329
1332
1334
1335
1338
1339
1341
1344
1346
1347
1349
1352
1353
1356
1358
1359
1361
1364
1366
1367
1370
1371
1373
1376
1377
1380
1382
1383
1386
1387
1389
1392
1394
1395
1397
1400
1401
1404
1406
1407
1410
1411
1413
1416
1417
1420
1422
1423
1425
1428
1430
1431
1434
1435
1437
1440
1441
1444
1446
1447
1450
1451
1453
1456
1458
1459
1461
1464
1465
1468
1470
1471
1473
1476
1478
1479
1482
1483
1485
1488
1490
1491
1493
1496
1497
1500
1502
1503
1506
1507
1509
1512
1513
1516
1518
1519
1521
1524
1526
1527
1530
1531
1533
1536
1537
1540
1542
1543
1546
1547
1549
1552
1554
1555
1557
1560
1561
1564
1566
1567
1570
1571
1573
1576
1577
1580
1582
1583
1585
1588
1590
1591
1594
1595
1597
1600
1602
1603
1605
1608
1609
1612
1614
1615
1617
1620
1622
1623
1626
1627
1629
1632
1633
1636
1638
1639
1642
1643
1645
1648
1650
1651
1653
1656
1657
1660
1662
1663
1666
1667
1669
1672
1673
1676
1678
1679
1681
1684
1686
1687
1690
1691
1693
1696
1697
1700
1702
1703
1706
1707
1709
1712
1714
1715
1717
1720
1721
1724
1726
1727
1729
1732
1734
1735
1738
1739
1741
1744
1746
1747
1749
1752
1753
1756
1758
1759
1762
1763
1765
1768
1769
1772
1774
1775
1777
1780
1782
1783
1786
1787
1789
1792
1794
1795
1797
1800
1801
1804
1806
1807
1809
1812
1814
1815
1818
1819
1821
1824
1825
1828
1830
1831
1834
1835
1837
1840
1842
1843
1845
1848
1849
1852
1854
1855
1857
1860
1862
1863
1866
1867
1869
1872
1874
1875
1877
1880
1881
1884
1886
1887
1890
1891
1893
1896
1897
1900
1902
1903
1905
1908
1910
1911
1914
1915
1917
1920
1921
1924
1926
1927
1930
1931
1933
1936
1938
1939
1941
1944
1945
1948
1950
1951
1954
1955
1957
1960
1961
1964
1966
1967
1969
1972
1974
1975
1978
1979
1981
1984
1986
1987
1989
1992
1993
1996
1998
1999
2001
2004
2006
2007
2010
2011
2013
2016
2017
2020
2022
2023
2026
2027
2029
2032
2034
2035
2037
2040
2041
2044
2046
2047
2050
2051
2053
2056
2057
2060
2062
2063
2065
2068
2070
2071
2074
2075
2077
2080
2081
2084
2086
2087
2090
2091
2093
2096
2098
2099
2101
2104
2105
2108
2110
2111
2113
2116
2118
2119
2122
2123
2125
2128
2130
2131
2133
2136
2137
2140
2142
2143
2146
2147
2149
2152
2153
2156
2158
2159
2161
2164
2166
2167
2170
2171
2173
2176
2177
2180
2182
2183
2186
2187
2189
2192
2194
2195
2197
2200
2201
2204
2206
2207
2210
2211
2213
2216
2217
2220
2222
2223
2225
2228
2230
2231
2234
2235
2237
2240
2242
2243
2245
2248
2249
2252
2254
2255
2257
2260
2262
2263
2266
2267
2269
2272
2273
2276
2278
2279
2282
2283
2285
2288
2290
2291
2293
2296
2297
2300
2302
2303
2305
2308
2310
2311
2314
2315
2317
2320
2322
2323
2325
2328
2329
2332
2334
2335
2338
2339
2341
2344
2345
2348
2350
2351
2353
2356
2358
2359
2362
2363
2365
2368
2370
2371
2373
2376
2377
2380
2382
2383
2385
2388
2390
2391
2394
2395
2397
2400
2401
2404
2406
2407
2410
2411
2413
2416
2418
2419
2421
2424
2425
2428
2430
2431
2434
2435
2437
2440
2441
2444
2446
2447
2449
2452
2454
2455
2458
2459
2461
2464
2465
2468
2470
2471
2474
2475
2477
2480
2482
2483
2485
2488
2489
2492
2494
2495
2497
2500
2502
2503
2506
2507
2509
2512
2514
2515
2517
2520
2521
2524
2526
2527
2530
2531
2533
2536
2537
2540
2542
2543
2545
2548
2550
2551
2554
2555
2557
2560
2561
2564
2566
2567
2570
2571
2573
2576
2578
2579
2581
2584
2585
2588
2590
2591
2594
2595
2597
2600
2601
2604
2606
2607
2609
2612
2614
2615
2618
2619
2621
2624
2626
2627
2629
2632
2633
2636
2638
2639
2641
2644
2646
2647
2650
2651
2653
2656
2657
2660
2662
2663
2666
2667
2669
2672
2674
2675
2677
2680
2681
2684
2686
2687
2690
2691
2693
2696
2697
2700
2702
2703
2705
2708
2710
2711
2714
2715
2717
2720
2721
2724
2726
2727
2730
2731
2733
2736
2738
2739
2741
2744
2745
2748
2750
2751
2753
2756
2758
2759
2762
2763
2765
2768
2770
2771
2773
2776
2777
2780
2782
2783
2786
2787
2789
2792
2793
2796
2798
2799
2801
2804
2806
2807
2810
2811
2813
2816
2818
2819
2821
2824
2825
2828
2830
2831
2833
2836
2838
2839
2842
2843
2845
2848
2849
2852
2854
2855
2858
2859
2861
2864
2866
2867
2869
2872
2873
2876
2878
2879
2881
2884
2886
2887
2890
2891
2893
2896
2898
2899
2901
2904
2905
2908
2910
2911
2914
2915
2917
2920
2921
2924
2926
2927
2929
2932
2934
2935
2938
2939
2941
2944
2945
2948
2950
2951
2954
2955
2957
2960
2962
2963
2965
2968
2969
2972
2974
2975
2978
2979
2981
2984
2985
2988
2990
2991
2993
2996
2998
2999
3002
3003
3005
3008
3010
3011
3013
3016
3017
3020
3022
3023
3025
3028
3030
3031
3034
3035
3037
3040
3041
3044
3046
3047
3050
3051
3053
3056
3058
3059
3061
3064
3065
3068
3070
3071
3073
3076
3078
3079
3082
3083
3085
3088
3090
3091
3093
3096
3097
3100
3102
3103
3106
3107
3109
3112
3113
3116
3118
3119
3121
3124
3126
3127
3130
3131
3133
3136
3138
3139
3141
3144
3145
3148
3150
3151
3153
3156
3158
3159
3162
3163
3165
3168
3169
3172
3174
3175
3178
3179
3181
3184
3186
3187
3189
3192
3193
3196
3198
3199
3202
3203
3205
3208
3209
3212
3214
3215
3217
3220
3222
3223
3226
3227
3229
3232
3233
3236
3238
3239
3242
3243
3245
3248
3250
3251
3253
3256
3257
3260
3262
3263
3265
3268
3270
3271
3274
3275
3277
3280
3282
3283
3285
3288
3289
3292
3294
3295
3298
3299
3301
3304
3305
3308
3310
3311
3313
3316
3318
3319
3322
3323
3325
3328
3330
3331
3333
3336
3337
3340
3342
3343
3345
3348
3350
3351
3354
3355
3357
3360
3361
3364
3366
3367
3370
3371
3373
3376
3378
3379
3381
3384
3385
3388
3390
3391
3393
3396
3398
3399
3402
3403
3405
3408
3410
3411
3413
3416
3417
3420
3422
3423
3426
3427
3429
3432
3433
3436
3438
3439
3441
3444
3446
3447
3450
3451
3453
3456
3457
3460
3462
3463
3466
3467
3469
3472
3474
3475
3477
3480
3481
3484
3486
3487
3490
3491
3493
3496
3497
3500
3502
3503
3505
3508
3510
3511
3514
3515
3517
3520
3522
3523
3525
3528
3529
3532
3534
3535
3537
3540
3542
3543
3546
3547
3549
3552
3553
3556
3558
3559
3562
3563
3565
3568
3570
3571
3573
3576
3577
3580
3582
3583
3586
3587
3589
3592
3593
3596
3598
3599
3601
3604
3606
3607
3610
3611
3613
3616
3617
3620
3622
3623
3626
3627
3629
3632
3634
3635
3637
3640
3641
3644
3646
3647
3649
3652
3654
3655
3658
3659
3661
3664
3666
3667
3669
3672
3673
3676
3678
3679
3682
3683
3685
3688
3689
3692
3694
3695
3697
3700
3702
3703
3706
3707
3709
3712
3713
3716
3718
3719
3722
3723
3725
3728
3730
3731
3733
3736
3737
3740
3742
3743
3746
3747
3749
3752
3753
3756
3758
3759
3761
3764
3766
3767
3770
3771
3773
3776
3778
3779
3781
3784
3785
3788
3790
3791
3793
3796
3798
3799
3802
3803
3805
3808
3809
3812
3814
3815
3818
3819
3821
3824
3826
3827
3829
3832
3833
3836
3838
3839
3841
3844
3846
3847
3850
3851
3853
3856
3858
3859
3861
3864
3865
3868
3870
3871
3874
3875
3877
3880
3881
3884
3886
3887
3889
3892
3894
3895
3898
3899
3901
3904
3906
3907
3909
3912
3913
3916
3918
3919
3921
3924
3926
3927
3930
3931
3933
3936
3937
3940
3942
3943
3946
3947
3949
3952
3954
3955
3957
3960
3961
3964
3966
3967
3970
3971
3973
3976
3977
3980
3982
3983
3985
3988
3990
3991
3994
3995
3997
4000
4001
4004
4006
4007
4010
4011
4013
4016
4018
4019
4021
4024
4025
4028
4030
4031
4033
4036
4038
4039
4042
4043
4045
4048
4050
4051
4053
4056
4057
4060
4062
4063
4066
4067
4069
4072
4073
4076
4078
4079
4081
4084
4086
4087
4090
4091
4093
4096