512
1 257 100
1 129 101
1 65 108
1 33 105
1 17 105
1 9 102
1 5 100
1 3 107
1 2 107
2 258 110
2 130 104
2 66 105
2 34 109
2 18 100
2 10 100
2 6 105
2 4 107
3 259 100
3 131 104
3 67 100
3 35 104
3 19 107
3 11 106
3 7 110
3 4 109
4 260 105
4 132 101
4 68 107
4 36 104
4 20 107
4 12 110
4 8 108
5 261 102
5 133 100
5 69 108
5 37 103
5 21 106
5 13 108
5 7 110
5 6 104
6 262 102
6 134 110
6 70 107
6 38 108
6 22 107
6 14 100
6 8 106
7 263 109
7 135 102
7 71 104
7 39 108
7 23 105
7 15 102
7 8 103
8 264 103
8 136 101
8 72 105
8 40 109
8 24 110
8 16 100
9 265 109
9 137 105
9 73 105
9 41 103
9 25 110
9 13 105
9 11 102
9 10 100
10 266 110
10 138 100
10 74 105
10 42 104
10 26 103
10 14 110
10 12 105
11 267 105
11 139 110
11 75 100
11 43 108
11 27 108
11 15 109
11 12 101
12 268 100
12 140 107
12 76 109
12 44 106
12 28 108
12 16 107
13 269 110
13 141 109
13 77 102
13 45 103
13 29 103
13 15 105
13 14 106
14 270 109
14 142 104
14 78 109
14 46 102
14 30 104
14 16 105
15 271 105
15 143 103
15 79 101
15 47 101
15 31 106
15 16 108
16 272 100
16 144 105
16 80 105
16 48 110
16 32 108
17 273 106
17 145 109
17 81 106
17 49 109
17 25 101
17 21 102
17 19 107
17 18 101
18 274 101
18 146 103
18 82 100
18 50 104
18 26 100
18 22 107
18 20 110
19 275 102
19 147 101
19 83 103
19 51 109
19 27 107
19 23 101
19 20 107
20 276 104
20 148 104
20 84 105
20 52 101
20 28 106
20 24 109
21 277 106
21 149 110
21 85 106
21 53 101
21 29 110
21 23 104
21 22 101
22 278 106
22 150 102
22 86 105
22 54 105
22 30 110
22 24 101
23 279 102
23 151 103
23 87 106
23 55 101
23 31 107
23 24 106
24 280 108
24 152 102
24 88 105
24 56 104
24 32 102
25 281 100
25 153 109
25 89 104
25 57 101
25 29 110
25 27 104
25 26 101
26 282 109
26 154 101
26 90 101
26 58 100
26 30 104
26 28 102
27 283 101
27 155 108
27 91 105
27 59 103
27 31 104
27 28 108
28 284 110
28 156 107
28 92 102
28 60 107
28 32 109
29 285 102
29 157 109
29 93 105
29 61 105
29 31 106
29 30 108
30 286 108
30 158 105
30 94 110
30 62 106
30 32 104
31 287 109
31 159 107
31 95 107
31 63 110
31 32 110
32 288 109
32 160 103
32 96 105
32 64 105
33 289 101
33 161 104
33 97 106
33 49 109
33 41 104
33 37 108
33 35 109
33 34 107
34 290 108
34 162 107
34 98 108
34 50 100
34 42 109
34 38 105
34 36 105
35 291 100
35 163 107
35 99 105
35 51 107
35 43 107
35 39 102
35 36 110
36 292 109
36 164 109
36 100 105
36 52 101
36 44 104
36 40 110
37 293 102
37 165 104
37 101 103
37 53 105
37 45 109
37 39 104
37 38 105
38 294 108
38 166 104
38 102 102
38 54 110
38 46 101
38 40 106
39 295 106
39 167 100
39 103 100
39 55 108
39 47 108
39 40 103
40 296 104
40 168 107
40 104 107
40 56 102
40 48 109
41 297 107
41 169 109
41 105 101
41 57 100
41 45 108
41 43 106
41 42 102
42 298 102
42 170 100
42 106 104
42 58 110
42 46 110
42 44 104
43 299 102
43 171 107
43 107 103
43 59 108
43 47 108
43 44 104
44 300 103
44 172 102
44 108 100
44 60 102
44 48 110
45 301 102
45 173 109
45 109 101
45 61 104
45 47 106
45 46 101
46 302 109
46 174 101
46 110 110
46 62 102
46 48 102
47 303 101
47 175 102
47 111 106
47 63 107
47 48 108
48 304 107
48 176 108
48 112 107
48 64 106
49 305 100
49 177 106
49 113 102
49 57 103
49 53 107
49 51 101
49 50 108
50 306 105
50 178 106
50 114 106
50 58 103
50 54 107
50 52 101
51 307 101
51 179 105
51 115 109
51 59 108
51 55 106
51 52 108
52 308 103
52 180 101
52 116 105
52 60 103
52 56 106
53 309 105
53 181 104
53 117 102
53 61 104
53 55 104
53 54 104
54 310 105
54 182 104
54 118 103
54 62 100
54 56 104
55 311 102
55 183 107
55 119 107
55 63 105
55 56 108
56 312 107
56 184 110
56 120 105
56 64 110
57 313 103
57 185 105
57 121 105
57 61 107
57 59 104
57 58 106
58 314 110
58 186 101
58 122 107
58 62 103
58 60 105
59 315 105
59 187 109
59 123 100
59 63 103
59 60 107
60 316 106
60 188 110
60 124 102
60 64 110
61 317 102
61 189 109
61 125 107
61 63 105
61 62 108
62 318 100
62 190 101
62 126 107
62 64 107
63 319 104
63 191 106
63 127 108
63 64 110
64 320 107
64 192 103
64 128 108
65 321 101
65 193 100
65 97 105
65 81 100
65 73 101
65 69 109
65 67 108
65 66 108
66 322 104
66 194 100
66 98 106
66 82 105
66 74 100
66 70 105
66 68 104
67 323 102
67 195 104
67 99 106
67 83 107
67 75 107
67 71 105
67 68 103
68 324 108
68 196 104
68 100 107
68 84 103
68 76 100
68 72 101
69 325 105
69 197 108
69 101 102
69 85 100
69 77 100
69 71 101
69 70 107
70 326 103
70 198 100
70 102 105
70 86 105
70 78 105
70 72 104
71 327 101
71 199 103
71 103 109
71 87 107
71 79 106
71 72 107
72 328 103
72 200 100
72 104 110
72 88 105
72 80 100
73 329 109
73 201 100
73 105 104
73 89 105
73 77 106
73 75 108
73 74 107
74 330 105
74 202 100
74 106 101
74 90 110
74 78 102
74 76 103
75 331 106
75 203 106
75 107 101
75 91 106
75 79 110
75 76 103
76 332 109
76 204 110
76 108 102
76 92 102
76 80 104
77 333 108
77 205 109
77 109 102
77 93 108
77 79 107
77 78 104
78 334 102
78 206 107
78 110 101
78 94 102
78 80 101
79 335 106
79 207 100
79 111 101
79 95 106
79 80 104
80 336 100
80 208 107
80 112 104
80 96 109
81 337 101
81 209 110
81 113 100
81 89 100
81 85 105
81 83 108
81 82 110
82 338 102
82 210 103
82 114 108
82 90 105
82 86 108
82 84 107
83 339 107
83 211 108
83 115 100
83 91 102
83 87 102
83 84 106
84 340 107
84 212 106
84 116 104
84 92 102
84 88 102
85 341 107
85 213 101
85 117 108
85 93 101
85 87 100
85 86 107
86 342 101
86 214 110
86 118 105
86 94 106
86 88 110
87 343 100
87 215 106
87 119 107
87 95 105
87 88 100
88 344 104
88 216 105
88 120 108
88 96 100
89 345 104
89 217 110
89 121 105
89 93 103
89 91 104
89 90 108
90 346 102
90 218 101
90 122 104
90 94 110
90 92 110
91 347 102
91 219 100
91 123 101
91 95 105
91 92 101
92 348 105
92 220 101
92 124 109
92 96 104
93 349 104
93 221 103
93 125 107
93 95 106
93 94 109
94 350 108
94 222 109
94 126 107
94 96 104
95 351 110
95 223 106
95 127 103
95 96 105
96 352 105
96 224 104
96 128 102
97 353 100
97 225 104
97 113 105
97 105 103
97 101 101
97 99 102
97 98 108
98 354 105
98 226 107
98 114 109
98 106 102
98 102 107
98 100 102
99 355 104
99 227 100
99 115 105
99 107 102
99 103 108
99 100 105
100 356 100
100 228 102
100 116 107
100 108 104
100 104 102
101 357 110
101 229 101
101 117 108
101 109 110
101 103 101
101 102 106
102 358 100
102 230 103
102 118 103
102 110 105
102 104 109
103 359 109
103 231 107
103 119 103
103 111 108
103 104 106
104 360 100
104 232 100
104 120 101
104 112 108
105 361 100
105 233 105
105 121 110
105 109 102
105 107 102
105 106 100
106 362 107
106 234 107
106 122 105
106 110 102
106 108 107
107 363 104
107 235 102
107 123 102
107 111 104
107 108 105
108 364 109
108 236 110
108 124 104
108 112 100
109 365 105
109 237 100
109 125 108
109 111 106
109 110 109
110 366 103
110 238 102
110 126 105
110 112 104
111 367 104
111 239 110
111 127 110
111 112 109
112 368 109
112 240 103
112 128 101
113 369 110
113 241 107
113 121 105
113 117 110
113 115 107
113 114 108
114 370 105
114 242 106
114 122 101
114 118 110
114 116 109
115 371 101
115 243 100
115 123 103
115 119 101
115 116 101
116 372 105
116 244 100
116 124 106
116 120 109
117 373 105
117 245 107
117 125 108
117 119 107
117 118 100
118 374 102
118 246 107
118 126 103
118 120 100
119 375 101
119 247 110
119 127 102
119 120 104
120 376 106
120 248 101
120 128 100
121 377 107
121 249 108
121 125 107
121 123 100
121 122 106
122 378 110
122 250 110
122 126 104
122 124 105
123 379 109
123 251 110
123 127 106
123 124 107
124 380 105
124 252 105
124 128 101
125 381 110
125 253 106
125 127 103
125 126 105
126 382 107
126 254 107
126 128 101
127 383 106
127 255 106
127 128 107
128 384 105
128 256 106
129 385 106
129 193 104
129 161 101
129 145 105
129 137 108
129 133 100
129 131 100
129 130 105
130 386 103
130 194 100
130 162 102
130 146 101
130 138 104
130 134 106
130 132 106
131 387 106
131 195 110
131 163 108
131 147 105
131 139 105
131 135 107
131 132 107
132 388 104
132 196 105
132 164 105
132 148 107
132 140 105
132 136 103
133 389 106
133 197 103
133 165 107
133 149 105
133 141 110
133 135 102
133 134 104
134 390 106
134 198 108
134 166 110
134 150 107
134 142 109
134 136 105
135 391 102
135 199 101
135 167 109
135 151 102
135 143 107
135 136 100
136 392 110
136 200 103
136 168 109
136 152 103
136 144 110
137 393 105
137 201 101
137 169 104
137 153 107
137 141 104
137 139 101
137 138 108
138 394 101
138 202 104
138 170 103
138 154 103
138 142 108
138 140 103
139 395 103
139 203 100
139 171 106
139 155 105
139 143 102
139 140 101
140 396 110
140 204 109
140 172 105
140 156 104
140 144 108
141 397 101
141 205 101
141 173 100
141 157 101
141 143 105
141 142 104
142 398 109
142 206 104
142 174 104
142 158 107
142 144 103
143 399 100
143 207 108
143 175 109
143 159 110
143 144 109
144 400 108
144 208 101
144 176 106
144 160 100
145 401 108
145 209 105
145 177 109
145 153 103
145 149 109
145 147 106
145 146 104
146 402 108
146 210 105
146 178 110
146 154 104
146 150 106
146 148 108
147 403 109
147 211 103
147 179 102
147 155 108
147 151 107
147 148 109
148 404 100
148 212 107
148 180 109
148 156 103
148 152 100
149 405 101
149 213 104
149 181 101
149 157 107
149 151 106
149 150 108
150 406 109
150 214 108
150 182 106
150 158 109
150 152 109
151 407 105
151 215 101
151 183 104
151 159 104
151 152 107
152 408 101
152 216 100
152 184 101
152 160 105
153 409 107
153 217 102
153 185 104
153 157 110
153 155 106
153 154 107
154 410 109
154 218 103
154 186 109
154 158 108
154 156 104
155 411 100
155 219 105
155 187 105
155 159 104
155 156 105
156 412 108
156 220 110
156 188 103
156 160 101
157 413 101
157 221 100
157 189 110
157 159 104
157 158 102
158 414 110
158 222 109
158 190 102
158 160 101
159 415 102
159 223 103
159 191 106
159 160 104
160 416 106
160 224 104
160 192 104
161 417 104
161 225 106
161 177 104
161 169 101
161 165 107
161 163 110
161 162 107
162 418 104
162 226 109
162 178 109
162 170 108
162 166 104
162 164 100
163 419 105
163 227 107
163 179 107
163 171 107
163 167 108
163 164 104
164 420 103
164 228 104
164 180 103
164 172 107
164 168 101
165 421 103
165 229 107
165 181 109
165 173 103
165 167 101
165 166 106
166 422 100
166 230 110
166 182 104
166 174 105
166 168 103
167 423 102
167 231 103
167 183 109
167 175 101
167 168 106
168 424 100
168 232 105
168 184 104
168 176 101
169 425 108
169 233 107
169 185 100
169 173 108
169 171 106
169 170 103
170 426 104
170 234 103
170 186 105
170 174 107
170 172 109
171 427 102
171 235 105
171 187 104
171 175 100
171 172 100
172 428 102
172 236 106
172 188 109
172 176 104
173 429 109
173 237 103
173 189 101
173 175 103
173 174 110
174 430 106
174 238 104
174 190 105
174 176 106
175 431 110
175 239 104
175 191 100
175 176 104
176 432 106
176 240 108
176 192 109
177 433 101
177 241 101
177 185 107
177 181 109
177 179 106
177 178 107
178 434 110
178 242 100
178 186 110
178 182 102
178 180 110
179 435 105
179 243 103
179 187 107
179 183 106
179 180 109
180 436 109
180 244 107
180 188 108
180 184 107
181 437 103
181 245 105
181 189 107
181 183 103
181 182 109
182 438 104
182 246 110
182 190 103
182 184 110
183 439 101
183 247 104
183 191 109
183 184 110
184 440 103
184 248 105
184 192 105
185 441 108
185 249 110
185 189 107
185 187 102
185 186 110
186 442 106
186 250 101
186 190 102
186 188 109
187 443 102
187 251 101
187 191 109
187 188 106
188 444 106
188 252 109
188 192 107
189 445 104
189 253 109
189 191 107
189 190 101
190 446 100
190 254 107
190 192 106
191 447 105
191 255 106
191 192 100
192 448 103
192 256 109
193 449 104
193 225 107
193 209 106
193 201 100
193 197 108
193 195 103
193 194 104
194 450 101
194 226 101
194 210 109
194 202 110
194 198 106
194 196 100
195 451 107
195 227 105
195 211 106
195 203 109
195 199 104
195 196 107
196 452 102
196 228 105
196 212 102
196 204 110
196 200 102
197 453 110
197 229 105
197 213 101
197 205 110
197 199 109
197 198 102
198 454 100
198 230 108
198 214 100
198 206 110
198 200 107
199 455 106
199 231 101
199 215 101
199 207 109
199 200 105
200 456 107
200 232 105
200 216 105
200 208 101
201 457 109
201 233 107
201 217 103
201 205 104
201 203 104
201 202 109
202 458 102
202 234 101
202 218 108
202 206 107
202 204 102
203 459 109
203 235 100
203 219 101
203 207 102
203 204 103
204 460 108
204 236 107
204 220 107
204 208 106
205 461 103
205 237 101
205 221 103
205 207 101
205 206 102
206 462 107
206 238 104
206 222 109
206 208 106
207 463 103
207 239 104
207 223 107
207 208 109
208 464 108
208 240 109
208 224 103
209 465 102
209 241 101
209 217 105
209 213 100
209 211 110
209 210 108
210 466 101
210 242 101
210 218 104
210 214 108
210 212 102
211 467 104
211 243 100
211 219 110
211 215 101
211 212 102
212 468 105
212 244 108
212 220 102
212 216 102
213 469 103
213 245 104
213 221 102
213 215 110
213 214 108
214 470 106
214 246 106
214 222 103
214 216 109
215 471 102
215 247 101
215 223 108
215 216 107
216 472 100
216 248 108
216 224 101
217 473 109
217 249 107
217 221 103
217 219 104
217 218 102
218 474 103
218 250 100
218 222 110
218 220 108
219 475 104
219 251 108
219 223 109
219 220 109
220 476 101
220 252 103
220 224 110
221 477 103
221 253 103
221 223 100
221 222 106
222 478 108
222 254 109
222 224 105
223 479 108
223 255 107
223 224 104
224 480 103
224 256 103
225 481 103
225 241 110
225 233 106
225 229 108
225 227 101
225 226 108
226 482 102
226 242 106
226 234 109
226 230 103
226 228 106
227 483 101
227 243 104
227 235 101
227 231 102
227 228 101
228 484 102
228 244 108
228 236 100
228 232 105
229 485 110
229 245 102
229 237 102
229 231 107
229 230 100
230 486 109
230 246 101
230 238 101
230 232 108
231 487 110
231 247 100
231 239 100
231 232 109
232 488 101
232 248 108
232 240 102
233 489 104
233 249 106
233 237 107
233 235 100
233 234 110
234 490 108
234 250 104
234 238 100
234 236 101
235 491 110
235 251 109
235 239 107
235 236 109
236 492 102
236 252 107
236 240 106
237 493 102
237 253 102
237 239 100
237 238 104
238 494 104
238 254 110
238 240 100
239 495 105
239 255 104
239 240 109
240 496 108
240 256 106
241 497 103
241 249 106
241 245 107
241 243 107
241 242 102
242 498 100
242 250 110
242 246 102
242 244 107
243 499 106
243 251 104
243 247 101
243 244 104
244 500 101
244 252 106
244 248 105
245 501 105
245 253 109
245 247 100
245 246 103
246 502 101
246 254 103
246 248 109
247 503 110
247 255 109
247 248 110
248 504 108
248 256 108
249 505 109
249 253 104
249 251 107
249 250 107
250 506 108
250 254 105
250 252 102
251 507 104
251 255 110
251 252 105
252 508 104
252 256 105
253 509 102
253 255 109
253 254 110
254 510 101
254 256 105
255 511 107
255 256 103
256 512 104
257 385 108
257 321 100
257 289 103
257 273 102
257 265 108
257 261 103
257 259 107
257 258 104
258 386 108
258 322 107
258 290 106
258 274 106
258 266 108
258 262 100
258 260 106
259 387 103
259 323 105
259 291 105
259 275 105
259 267 103
259 263 109
259 260 101
260 388 104
260 324 104
260 292 109
260 276 100
260 268 105
260 264 108
261 389 103
261 325 110
261 293 110
261 277 110
261 269 108
261 263 103
261 262 108
262 390 102
262 326 106
262 294 105
262 278 102
262 270 102
262 264 106
263 391 105
263 327 108
263 295 106
263 279 110
263 271 108
263 264 106
264 392 101
264 328 101
264 296 105
264 280 102
264 272 106
265 393 103
265 329 107
265 297 100
265 281 109
265 269 109
265 267 103
265 266 101
266 394 108
266 330 107
266 298 104
266 282 106
266 270 106
266 268 105
267 395 106
267 331 110
267 299 106
267 283 102
267 271 100
267 268 106
268 396 103
268 332 100
268 300 101
268 284 106
268 272 104
269 397 106
269 333 108
269 301 104
269 285 104
269 271 104
269 270 100
270 398 106
270 334 104
270 302 101
270 286 103
270 272 107
271 399 106
271 335 109
271 303 105
271 287 110
271 272 100
272 400 105
272 336 101
272 304 110
272 288 106
273 401 107
273 337 101
273 305 105
273 281 100
273 277 104
273 275 110
273 274 104
274 402 109
274 338 110
274 306 106
274 282 101
274 278 109
274 276 102
275 403 107
275 339 107
275 307 110
275 283 105
275 279 101
275 276 101
276 404 103
276 340 110
276 308 106
276 284 109
276 280 100
277 405 110
277 341 110
277 309 105
277 285 103
277 279 105
277 278 104
278 406 109
278 342 102
278 310 104
278 286 108
278 280 108
279 407 107
279 343 107
279 311 107
279 287 103
279 280 101
280 408 107
280 344 110
280 312 101
280 288 100
281 409 101
281 345 101
281 313 102
281 285 107
281 283 107
281 282 105
282 410 103
282 346 105
282 314 103
282 286 101
282 284 109
283 411 104
283 347 101
283 315 107
283 287 110
283 284 109
284 412 107
284 348 102
284 316 101
284 288 100
285 413 101
285 349 101
285 317 103
285 287 106
285 286 110
286 414 102
286 350 100
286 318 100
286 288 109
287 415 109
287 351 110
287 319 106
287 288 101
288 416 105
288 352 108
288 320 110
289 417 106
289 353 106
289 305 105
289 297 108
289 293 103
289 291 101
289 290 105
290 418 104
290 354 109
290 306 110
290 298 100
290 294 103
290 292 105
291 419 109
291 355 109
291 307 102
291 299 108
291 295 109
291 292 104
292 420 107
292 356 104
292 308 105
292 300 105
292 296 101
293 421 104
293 357 108
293 309 102
293 301 103
293 295 102
293 294 108
294 422 106
294 358 107
294 310 103
294 302 101
294 296 102
295 423 105
295 359 105
295 311 101
295 303 110
295 296 104
296 424 100
296 360 101
296 312 106
296 304 110
297 425 101
297 361 103
297 313 103
297 301 103
297 299 101
297 298 103
298 426 104
298 362 107
298 314 106
298 302 100
298 300 103
299 427 100
299 363 105
299 315 105
299 303 103
299 300 102
300 428 104
300 364 107
300 316 103
300 304 100
301 429 110
301 365 101
301 317 103
301 303 110
301 302 103
302 430 101
302 366 110
302 318 101
302 304 100
303 431 110
303 367 108
303 319 102
303 304 101
304 432 102
304 368 104
304 320 102
305 433 103
305 369 106
305 313 109
305 309 109
305 307 107
305 306 106
306 434 108
306 370 109
306 314 109
306 310 108
306 308 102
307 435 110
307 371 102
307 315 104
307 311 103
307 308 108
308 436 110
308 372 108
308 316 104
308 312 107
309 437 105
309 373 101
309 317 102
309 311 109
309 310 105
310 438 110
310 374 109
310 318 103
310 312 106
311 439 110
311 375 105
311 319 109
311 312 100
312 440 102
312 376 110
312 320 108
313 441 109
313 377 100
313 317 105
313 315 104
313 314 110
314 442 102
314 378 102
314 318 106
314 316 109
315 443 106
315 379 100
315 319 108
315 316 108
316 444 107
316 380 100
316 320 109
317 445 100
317 381 110
317 319 102
317 318 105
318 446 107
318 382 108
318 320 110
319 447 107
319 383 110
319 320 101
320 448 108
320 384 103
321 449 105
321 353 110
321 337 107
321 329 104
321 325 101
321 323 109
321 322 102
322 450 106
322 354 104
322 338 102
322 330 108
322 326 102
322 324 107
323 451 103
323 355 105
323 339 104
323 331 106
323 327 107
323 324 100
324 452 109
324 356 104
324 340 105
324 332 110
324 328 108
325 453 108
325 357 108
325 341 104
325 333 104
325 327 102
325 326 107
326 454 102
326 358 107
326 342 104
326 334 103
326 328 103
327 455 103
327 359 107
327 343 110
327 335 108
327 328 109
328 456 100
328 360 110
328 344 100
328 336 104
329 457 101
329 361 108
329 345 100
329 333 106
329 331 110
329 330 101
330 458 105
330 362 100
330 346 106
330 334 104
330 332 105
331 459 104
331 363 104
331 347 106
331 335 110
331 332 107
332 460 106
332 364 100
332 348 103
332 336 104
333 461 108
333 365 106
333 349 106
333 335 102
333 334 101
334 462 101
334 366 103
334 350 108
334 336 102
335 463 102
335 367 104
335 351 107
335 336 105
336 464 100
336 368 105
336 352 104
337 465 101
337 369 105
337 345 101
337 341 102
337 339 104
337 338 103
338 466 110
338 370 109
338 346 103
338 342 104
338 340 108
339 467 110
339 371 103
339 347 106
339 343 106
339 340 101
340 468 105
340 372 105
340 348 108
340 344 100
341 469 102
341 373 101
341 349 104
341 343 104
341 342 102
342 470 101
342 374 109
342 350 102
342 344 109
343 471 108
343 375 110
343 351 102
343 344 103
344 472 106
344 376 107
344 352 105
345 473 105
345 377 103
345 349 109
345 347 104
345 346 100
346 474 110
346 378 110
346 350 106
346 348 110
347 475 104
347 379 106
347 351 108
347 348 104
348 476 100
348 380 105
348 352 101
349 477 106
349 381 110
349 351 107
349 350 102
350 478 106
350 382 109
350 352 103
351 479 103
351 383 110
351 352 110
352 480 106
352 384 103
353 481 105
353 369 100
353 361 108
353 357 107
353 355 106
353 354 102
354 482 102
354 370 101
354 362 103
354 358 102
354 356 108
355 483 109
355 371 108
355 363 100
355 359 101
355 356 102
356 484 108
356 372 105
356 364 104
356 360 109
357 485 103
357 373 106
357 365 108
357 359 110
357 358 110
358 486 109
358 374 108
358 366 107
358 360 109
359 487 106
359 375 108
359 367 104
359 360 106
360 488 104
360 376 108
360 368 105
361 489 107
361 377 108
361 365 106
361 363 103
361 362 106
362 490 105
362 378 109
362 366 104
362 364 102
363 491 105
363 379 100
363 367 107
363 364 101
364 492 106
364 380 107
364 368 107
365 493 108
365 381 107
365 367 110
365 366 103
366 494 108
366 382 100
366 368 100
367 495 100
367 383 110
367 368 102
368 496 108
368 384 102
369 497 103
369 377 108
369 373 103
369 371 105
369 370 110
370 498 110
370 378 109
370 374 102
370 372 108
371 499 107
371 379 105
371 375 105
371 372 102
372 500 105
372 380 109
372 376 109
373 501 110
373 381 110
373 375 110
373 374 101
374 502 102
374 382 104
374 376 108
375 503 108
375 383 108
375 376 104
376 504 104
376 384 106
377 505 107
377 381 108
377 379 109
377 378 102
378 506 108
378 382 101
378 380 101
379 507 108
379 383 110
379 380 100
380 508 104
380 384 109
381 509 106
381 383 110
381 382 104
382 510 110
382 384 108
383 511 104
383 384 102
384 512 109
385 449 100
385 417 102
385 401 101
385 393 109
385 389 100
385 387 110
385 386 109
386 450 109
386 418 105
386 402 108
386 394 110
386 390 104
386 388 102
387 451 104
387 419 101
387 403 103
387 395 101
387 391 102
387 388 104
388 452 109
388 420 109
388 404 110
388 396 108
388 392 104
389 453 108
389 421 107
389 405 105
389 397 104
389 391 106
389 390 106
390 454 107
390 422 110
390 406 108
390 398 100
390 392 106
391 455 101
391 423 109
391 407 107
391 399 103
391 392 102
392 456 104
392 424 107
392 408 102
392 400 101
393 457 107
393 425 106
393 409 107
393 397 100
393 395 109
393 394 102
394 458 102
394 426 108
394 410 108
394 398 110
394 396 107
395 459 108
395 427 102
395 411 102
395 399 100
395 396 109
396 460 108
396 428 102
396 412 104
396 400 102
397 461 107
397 429 109
397 413 100
397 399 106
397 398 106
398 462 105
398 430 101
398 414 107
398 400 100
399 463 104
399 431 105
399 415 101
399 400 107
400 464 104
400 432 100
400 416 102
401 465 103
401 433 106
401 409 104
401 405 105
401 403 108
401 402 100
402 466 108
402 434 100
402 410 102
402 406 105
402 404 109
403 467 103
403 435 104
403 411 109
403 407 108
403 404 103
404 468 108
404 436 107
404 412 109
404 408 109
405 469 104
405 437 102
405 413 106
405 407 105
405 406 103
406 470 107
406 438 110
406 414 102
406 408 101
407 471 102
407 439 108
407 415 109
407 408 104
408 472 109
408 440 106
408 416 100
409 473 108
409 441 105
409 413 110
409 411 103
409 410 108
410 474 101
410 442 109
410 414 103
410 412 107
411 475 101
411 443 103
411 415 109
411 412 100
412 476 106
412 444 110
412 416 109
413 477 106
413 445 102
413 415 100
413 414 106
414 478 107
414 446 101
414 416 100
415 479 103
415 447 106
415 416 104
416 480 102
416 448 100
417 481 108
417 433 100
417 425 103
417 421 108
417 419 104
417 418 103
418 482 103
418 434 110
418 426 106
418 422 107
418 420 103
419 483 101
419 435 105
419 427 106
419 423 107
419 420 107
420 484 108
420 436 105
420 428 108
420 424 101
421 485 103
421 437 100
421 429 104
421 423 108
421 422 110
422 486 106
422 438 106
422 430 106
422 424 110
423 487 108
423 439 101
423 431 105
423 424 104
424 488 105
424 440 105
424 432 106
425 489 101
425 441 107
425 429 105
425 427 103
425 426 106
426 490 100
426 442 109
426 430 108
426 428 105
427 491 104
427 443 105
427 431 101
427 428 107
428 492 100
428 444 107
428 432 101
429 493 102
429 445 110
429 431 108
429 430 109
430 494 103
430 446 103
430 432 107
431 495 109
431 447 104
431 432 104
432 496 104
432 448 100
433 497 104
433 441 107
433 437 105
433 435 102
433 434 108
434 498 107
434 442 105
434 438 104
434 436 105
435 499 101
435 443 104
435 439 108
435 436 100
436 500 105
436 444 101
436 440 108
437 501 106
437 445 106
437 439 105
437 438 107
438 502 105
438 446 107
438 440 110
439 503 107
439 447 110
439 440 104
440 504 106
440 448 102
441 505 105
441 445 103
441 443 107
441 442 107
442 506 109
442 446 105
442 444 108
443 507 101
443 447 104
443 444 102
444 508 100
444 448 105
445 509 109
445 447 103
445 446 105
446 510 107
446 448 102
447 511 106
447 448 103
448 512 109
449 481 104
449 465 100
449 457 109
449 453 101
449 451 110
449 450 109
450 482 109
450 466 100
450 458 110
450 454 103
450 452 108
451 483 101
451 467 109
451 459 108
451 455 100
451 452 108
452 484 106
452 468 100
452 460 106
452 456 106
453 485 100
453 469 103
453 461 106
453 455 103
453 454 107
454 486 108
454 470 108
454 462 108
454 456 107
455 487 101
455 471 108
455 463 103
455 456 100
456 488 101
456 472 106
456 464 109
457 489 102
457 473 106
457 461 102
457 459 109
457 458 100
458 490 104
458 474 106
458 462 108
458 460 104
459 491 107
459 475 108
459 463 100
459 460 110
460 492 106
460 476 110
460 464 103
461 493 109
461 477 102
461 463 105
461 462 101
462 494 109
462 478 107
462 464 100
463 495 100
463 479 108
463 464 102
464 496 100
464 480 102
465 497 107
465 473 102
465 469 107
465 467 103
465 466 103
466 498 103
466 474 100
466 470 110
466 468 102
467 499 107
467 475 102
467 471 110
467 468 100
468 500 108
468 476 103
468 472 107
469 501 104
469 477 101
469 471 108
469 470 102
470 502 105
470 478 100
470 472 103
471 503 105
471 479 110
471 472 110
472 504 106
472 480 109
473 505 103
473 477 109
473 475 100
473 474 102
474 506 103
474 478 102
474 476 105
475 507 108
475 479 102
475 476 105
476 508 102
476 480 102
477 509 107
477 479 109
477 478 105
478 510 103
478 480 101
479 511 103
479 480 102
480 512 107
481 497 100
481 489 100
481 485 103
481 483 102
481 482 103
482 498 106
482 490 104
482 486 103
482 484 109
483 499 103
483 491 110
483 487 103
483 484 108
484 500 107
484 492 108
484 488 110
485 501 105
485 493 108
485 487 108
485 486 103
486 502 106
486 494 103
486 488 101
487 503 100
487 495 107
487 488 102
488 504 104
488 496 105
489 505 103
489 493 105
489 491 110
489 490 106
490 506 100
490 494 110
490 492 105
491 507 107
491 495 106
491 492 102
492 508 103
492 496 101
493 509 104
493 495 110
493 494 101
494 510 104
494 496 109
495 511 102
495 496 108
496 512 108
497 505 109
497 501 109
497 499 103
497 498 106
498 506 106
498 502 100
498 500 108
499 507 101
499 503 104
499 500 108
500 508 103
500 504 107
501 509 105
501 503 105
501 502 109
502 510 101
502 504 104
503 511 102
503 504 104
504 512 105
505 509 110
505 507 110
505 506 105
506 510 101
506 508 107
507 511 105
507 508 109
508 512 106
509 511 104
509 510 108
510 512 110
511 512 103