512
2 1 101
3 1 109
4 2 110
4 3 102
5 1 102
6 2 105
6 5 109
7 3 103
7 5 107
8 4 106
8 6 105
8 7 110
9 1 110
10 2 110
10 9 105
11 3 106
11 9 101
12 4 209
12 10 206
12 11 207
13 5 110
13 9 110
14 6 108
14 10 104
14 13 105
15 7 205
15 11 201
15 13 201
16 8 107
16 12 207
16 14 105
16 15 207
17 1 104
18 2 202
18 17 203
19 3 104
19 17 104
20 4 103
20 18 201
20 19 110
21 5 104
21 17 106
22 6 203
22 18 309
22 21 206
23 7 109
23 19 110
23 21 106
24 8 106
24 20 102
24 22 210
24 23 104
25 9 109
25 17 101
26 10 101
26 18 207
26 25 108
27 11 103
27 19 106
27 25 109
28 12 208
28 20 107
28 26 107
28 27 102
29 13 107
29 21 108
29 25 104
30 14 108
30 22 202
30 26 105
30 29 104
31 15 202
31 23 105
31 27 105
31 29 103
32 16 102
32 24 109
32 28 103
32 30 109
32 31 102
33 1 107
34 2 106
34 33 109
35 3 110
35 33 105
36 4 101
36 34 101
36 35 108
37 5 110
37 33 110
38 6 107
38 34 109
38 37 108
39 7 106
39 35 107
39 37 106
40 8 102
40 36 108
40 38 102
40 39 101
41 9 206
41 33 206
42 10 104
42 34 102
42 41 207
43 11 102
43 35 102
43 41 207
44 12 206
44 36 103
44 42 101
44 43 104
45 13 103
45 37 104
45 41 204
46 14 106
46 38 107
46 42 105
46 45 109
47 15 206
47 39 108
47 43 105
47 45 109
48 16 203
48 40 201
48 44 207
48 46 207
48 47 208
49 17 102
49 33 104
50 18 302
50 34 210
50 49 206
51 19 106
51 35 110
51 49 109
52 20 103
52 36 106
52 50 203
52 51 107
53 21 107
53 37 103
53 49 108
54 22 210
54 38 102
54 50 203
54 53 101
55 23 203
55 39 206
55 51 208
55 53 209
56 24 108
56 40 106
56 52 102
56 54 106
56 55 203
57 25 101
57 41 205
57 49 101
58 26 102
58 42 109
58 50 205
58 57 101
59 27 103
59 43 101
59 51 105
59 57 101
60 28 108
60 44 107
60 52 108
60 58 102
60 59 107
61 29 103
61 45 110
61 53 105
61 57 104
62 30 103
62 46 103
62 54 110
62 58 102
62 61 106
63 31 103
63 47 110
63 55 208
63 59 103
63 61 107
64 32 107
64 48 202
64 56 109
64 60 109
64 62 107
64 63 106
65 1 205
66 2 110
66 65 210
67 3 103
67 65 203
68 4 105
68 66 110
68 67 106
69 5 105
69 65 206
70 6 104
70 66 103
70 69 104
71 7 109
71 67 101
71 69 106
72 8 203
72 68 209
72 70 205
72 71 209
73 9 107
73 65 202
74 10 110
74 66 102
74 73 109
75 11 102
75 67 104
75 73 106
76 12 201
76 68 101
76 74 105
76 75 107
77 13 110
77 69 106
77 73 104
78 14 107
78 70 108
78 74 105
78 77 106
79 15 208
79 71 106
79 75 110
79 77 110
80 16 107
80 72 208
80 76 108
80 78 103
80 79 103
81 17 108
81 65 207
82 18 205
82 66 103
82 81 101
83 19 110
83 67 101
83 81 103
84 20 109
84 68 110
84 82 105
84 83 102
85 21 110
85 69 103
85 81 104
86 22 205
86 70 101
86 82 109
86 85 107
87 23 110
87 71 101
87 83 105
87 85 109
88 24 102
88 72 206
88 84 106
88 86 109
88 87 107
89 25 108
89 73 102
89 81 105
90 26 107
90 74 109
90 82 101
90 89 103
91 27 207
91 75 207
91 83 208
91 89 203
92 28 110
92 76 109
92 84 109
92 90 104
92 91 203
93 29 202
93 77 205
93 85 201
93 89 201
94 30 110
94 78 107
94 86 106
94 90 106
94 93 209
95 31 104
95 79 106
95 87 105
95 91 206
95 93 205
96 32 103
96 80 107
96 88 110
96 92 110
96 94 108
96 95 105
97 33 107
97 65 206
98 34 108
98 66 106
98 97 103
99 35 204
99 67 209
99 97 202
100 36 109
100 68 103
100 98 101
100 99 206
101 37 108
101 69 105
101 97 105
102 38 205
102 70 207
102 98 203
102 101 209
103 39 103
103 71 105
103 99 203
103 101 101
104 40 101
104 72 203
104 100 103
104 102 208
104 103 109
105 41 204
105 73 104
105 97 106
106 42 103
106 74 103
106 98 103
106 105 108
107 43 104
107 75 103
107 99 202
107 105 106
108 44 106
108 76 110
108 100 105
108 106 102
108 107 107
109 45 107
109 77 106
109 101 101
109 105 110
110 46 103
110 78 108
110 102 208
110 106 107
110 109 105
111 47 110
111 79 109
111 103 102
111 107 109
111 109 102
112 48 205
112 80 108
112 104 106
112 108 103
112 110 102
112 111 104
113 49 106
113 81 105
113 97 104
114 50 205
114 82 109
114 98 101
114 113 101
115 51 103
115 83 101
115 99 207
115 113 109
116 52 103
116 84 109
116 100 104
116 114 107
116 115 106
117 53 103
117 85 102
117 101 107
117 113 101
118 54 104
118 86 105
118 102 204
118 114 107
118 117 107
119 55 206
119 87 110
119 103 108
119 115 103
119 117 107
120 56 109
120 88 103
120 104 103
120 116 101
120 118 110
120 119 103
121 57 108
121 89 107
121 105 101
121 113 110
122 58 109
122 90 109
122 106 106
122 114 106
122 121 105
123 59 101
123 91 207
123 107 110
123 115 107
123 121 106
124 60 205
124 92 210
124 108 205
124 116 206
124 122 205
124 123 201
125 61 208
125 93 301
125 109 202
125 117 201
125 121 205
126 62 110
126 94 105
126 110 104
126 118 105
126 122 106
126 125 203
127 63 104
127 95 102
127 111 105
127 119 109
127 123 105
127 125 202
128 64 106
128 96 107
128 112 105
128 120 108
128 124 207
128 126 109
128 127 104
129 1 102
130 2 106
130 129 110
131 3 207
131 129 210
132 4 108
132 130 105
132 131 210
133 5 102
133 129 106
134 6 104
134 130 110
134 133 110
135 7 108
135 131 206
135 133 107
136 8 106
136 132 108
136 134 108
136 135 102
137 9 105
137 129 106
138 10 108
138 130 101
138 137 107
139 11 102
139 131 205
139 137 101
140 12 204
140 132 102
140 138 107
140 139 106
141 13 103
141 133 108
141 137 105
142 14 204
142 134 201
142 138 209
142 141 202
143 15 204
143 135 109
143 139 102
143 141 106
144 16 105
144 136 105
144 140 102
144 142 201
144 143 103
145 17 104
145 129 104
146 18 203
146 130 107
146 145 105
147 19 110
147 131 209
147 145 110
148 20 101
148 132 108
148 146 103
148 147 107
149 21 103
149 133 109
149 145 105
150 22 210
150 134 104
150 146 110
150 149 108
151 23 207
151 135 207
151 147 207
151 149 204
152 24 103
152 136 101
152 148 109
152 150 102
152 151 201
153 25 208
153 137 202
153 145 204
154 26 102
154 138 104
154 146 109
154 153 208
155 27 107
155 139 108
155 147 109
155 153 205
156 28 103
156 140 101
156 148 102
156 154 101
156 155 108
157 29 102
157 141 103
157 149 108
157 153 210
158 30 103
158 142 206
158 150 108
158 154 108
158 157 109
159 31 110
159 143 106
159 151 207
159 155 101
159 157 104
160 32 108
160 144 108
160 152 107
160 156 104
160 158 110
160 159 104
161 33 105
161 129 102
162 34 110
162 130 110
162 161 101
163 35 108
163 131 207
163 161 104
164 36 201
164 132 201
164 162 209
164 163 208
165 37 205
165 133 202
165 161 209
166 38 104
166 134 107
166 162 110
166 165 206
167 39 108
167 135 101
167 163 105
167 165 206
168 40 102
168 136 103
168 164 201
168 166 101
168 167 108
169 41 202
169 137 101
169 161 106
170 42 110
170 138 106
170 162 103
170 169 109
171 43 106
171 139 107
171 163 110
171 169 101
172 44 105
172 140 106
172 164 208
172 170 109
172 171 109
173 45 110
173 141 109
173 165 206
173 169 103
174 46 107
174 142 203
174 166 110
174 170 104
174 173 109
175 47 106
175 143 103
175 167 101
175 171 103
175 173 110
176 48 203
176 144 109
176 168 103
176 172 101
176 174 106
176 175 101
177 49 103
177 145 102
177 161 102
178 50 207
178 146 108
178 162 110
178 177 104
179 51 107
179 147 103
179 163 104
179 177 102
180 52 110
180 148 107
180 164 209
180 178 103
180 179 105
181 53 109
181 149 102
181 165 204
181 177 101
182 54 104
182 150 104
182 166 101
182 178 105
182 181 107
183 55 202
183 151 202
183 167 110
183 179 110
183 181 105
184 56 109
184 152 103
184 168 102
184 180 110
184 182 101
184 183 107
185 57 103
185 153 206
185 169 103
185 177 102
186 58 102
186 154 106
186 170 101
186 178 109
186 185 102
187 59 208
187 155 206
187 171 203
187 179 201
187 185 201
188 60 109
188 156 106
188 172 107
188 180 105
188 186 106
188 187 210
189 61 106
189 157 108
189 173 109
189 181 108
189 185 102
190 62 201
190 158 205
190 174 209
190 182 208
190 186 210
190 189 207
191 63 110
191 159 107
191 175 107
191 183 102
191 187 204
191 189 103
192 64 110
192 160 108
192 176 103
192 184 109
192 188 110
192 190 202
192 191 101
193 65 201
193 129 107
194 66 108
194 130 103
194 193 101
195 67 104
195 131 204
195 193 110
196 68 110
196 132 105
196 194 101
196 195 109
197 69 206
197 133 210
197 193 202
198 70 106
198 134 110
198 194 104
198 197 204
199 71 110
199 135 104
199 195 102
199 197 207
200 72 201
200 136 104
200 196 101
200 198 102
200 199 104
201 73 103
201 137 103
201 193 107
202 74 203
202 138 210
202 194 201
202 201 209
203 75 107
203 139 102
203 195 107
203 201 105
204 76 104
204 140 101
204 196 104
204 202 209
204 203 103
205 77 102
205 141 102
205 197 201
205 201 105
206 78 106
206 142 208
206 198 106
206 202 206
206 205 104
207 79 102
207 143 102
207 199 109
207 203 110
207 205 107
208 80 109
208 144 107
208 200 110
208 204 105
208 206 105
208 207 106
209 81 110
209 145 102
209 193 101
210 82 109
210 146 101
210 194 102
210 209 103
211 83 105
211 147 105
211 195 107
211 209 105
212 84 205
212 148 201
212 196 207
212 210 210
212 211 208
213 85 102
213 149 104
213 197 210
213 209 106
214 86 107
214 150 110
214 198 102
214 210 101
214 213 105
215 87 102
215 151 210
215 199 107
215 211 103
215 213 103
216 88 102
216 152 108
216 200 106
216 212 204
216 214 108
216 215 110
217 89 103
217 153 209
217 201 108
217 209 108
218 90 105
218 154 106
218 202 206
218 210 104
218 217 105
219 91 209
219 155 102
219 203 101
219 211 105
219 217 104
220 92 108
220 156 104
220 204 104
220 212 203
220 218 102
220 219 102
221 93 202
221 157 106
221 205 103
221 213 104
221 217 102
222 94 104
222 158 105
222 206 108
222 214 105
222 218 103
222 221 102
223 95 109
223 159 110
223 207 103
223 215 107
223 219 104
223 221 110
224 96 209
224 160 207
224 208 210
224 216 206
224 220 203
224 222 201
224 223 209
225 97 102
225 161 108
225 193 110
226 98 104
226 162 109
226 194 102
226 225 109
227 99 207
227 163 103
227 195 104
227 225 101
228 100 106
228 164 206
228 196 108
228 226 107
228 227 107
229 101 110
229 165 202
229 197 207
229 225 104
230 102 209
230 166 107
230 198 110
230 226 108
230 229 102
231 103 101
231 167 103
231 199 110
231 227 102
231 229 109
232 104 106
232 168 103
232 200 102
232 228 102
232 230 103
232 231 103
233 105 102
233 169 105
233 201 106
233 225 104
234 106 210
234 170 202
234 202 305
234 226 203
234 233 208
235 107 110
235 171 102
235 203 104
235 227 109
235 233 107
236 108 103
236 172 108
236 204 102
236 228 106
236 234 205
236 235 105
237 109 108
237 173 107
237 205 101
237 229 109
237 233 110
238 110 103
238 174 107
238 206 102
238 230 104
238 234 202
238 237 110
239 111 207
239 175 204
239 207 210
239 231 201
239 235 204
239 237 210
240 112 105
240 176 102
240 208 104
240 232 106
240 236 101
240 238 102
240 239 209
241 113 205
241 177 202
241 209 204
241 225 208
242 114 104
242 178 107
242 210 109
242 226 101
242 241 206
243 115 109
243 179 106
243 211 105
243 227 102
243 241 202
244 116 101
244 180 107
244 212 207
244 228 104
244 242 109
244 243 108
245 117 106
245 181 105
245 213 102
245 229 108
245 241 202
246 118 102
246 182 109
246 214 103
246 230 102
246 242 107
246 245 108
247 119 104
247 183 108
247 215 105
247 231 106
247 243 106
247 245 105
248 120 209
248 184 205
248 216 202
248 232 204
248 244 207
248 246 204
248 247 205
249 121 107
249 185 105
249 217 104
249 233 108
249 241 209
250 122 107
250 186 103
250 218 104
250 234 207
250 242 104
250 249 107
251 123 108
251 187 207
251 219 109
251 235 108
251 243 106
251 249 104
252 124 206
252 188 104
252 220 101
252 236 108
252 244 102
252 250 104
252 251 105
253 125 210
253 189 110
253 221 103
253 237 106
253 245 110
253 249 103
254 126 102
254 190 201
254 222 104
254 238 101
254 246 108
254 250 105
254 253 110
255 127 110
255 191 102
255 223 101
255 239 204
255 247 105
255 251 103
255 253 109
256 128 110
256 192 101
256 224 207
256 240 104
256 248 203
256 252 110
256 254 106
256 255 108
257 1 104
258 2 110
258 257 101
259 3 110
259 257 101
260 4 102
260 258 101
260 259 108
261 5 202
261 257 204
262 6 102
262 258 103
262 261 204
263 7 108
263 259 110
263 261 204
264 8 105
264 260 106
264 262 102
264 263 107
265 9 204
265 257 209
266 10 107
266 258 110
266 265 210
267 11 101
267 259 106
267 265 207
268 12 202
268 260 104
268 266 110
268 267 108
269 13 105
269 261 210
269 265 208
270 14 105
270 262 102
270 266 103
270 269 102
271 15 210
271 263 104
271 267 106
271 269 105
272 16 101
272 264 105
272 268 103
272 270 104
272 271 103
273 17 107
273 257 110
274 18 202
274 258 109
274 273 103
275 19 203
275 259 204
275 273 205
276 20 103
276 260 108
276 274 106
276 275 204
277 21 105
277 261 204
277 273 110
278 22 210
278 262 104
278 274 109
278 277 108
279 23 104
279 263 101
279 275 201
279 277 103
280 24 104
280 264 102
280 276 110
280 278 105
280 279 105
281 25 109
281 265 206
281 273 110
282 26 109
282 266 101
282 274 110
282 281 108
283 27 108
283 267 102
283 275 208
283 281 101
284 28 107
284 268 107
284 276 102
284 282 105
284 283 110
285 29 106
285 269 101
285 277 101
285 281 104
286 30 103
286 270 104
286 278 101
286 282 109
286 285 104
287 31 108
287 271 110
287 279 102
287 283 106
287 285 102
288 32 206
288 272 210
288 280 206
288 284 205
288 286 201
288 287 207
289 33 101
289 257 107
290 34 204
290 258 210
290 289 203
291 35 110
291 259 105
291 289 109
292 36 104
292 260 107
292 290 207
292 291 106
293 37 105
293 261 209
293 289 107
294 38 109
294 262 109
294 290 202
294 293 107
295 39 103
295 263 102
295 291 104
295 293 106
296 40 109
296 264 105
296 292 105
296 294 106
296 295 110
297 41 209
297 265 207
297 289 107
298 42 108
298 266 109
298 290 201
298 297 110
299 43 107
299 267 104
299 291 101
299 297 107
300 44 108
300 268 107
300 292 110
300 298 102
300 299 103
301 45 205
301 269 201
301 293 206
301 297 203
302 46 108
302 270 102
302 294 106
302 298 102
302 301 204
303 47 110
303 271 108
303 295 106
303 299 109
303 301 206
304 48 203
304 272 102
304 296 109
304 300 103
304 302 104
304 303 106
305 49 103
305 273 110
305 289 101
306 50 210
306 274 110
306 290 208
306 305 109
307 51 104
307 275 210
307 291 107
307 305 108
308 52 108
308 276 102
308 292 108
308 306 106
308 307 101
309 53 110
309 277 109
309 293 107
309 305 101
310 54 109
310 278 102
310 294 107
310 306 108
310 309 108
311 55 204
311 279 101
311 295 108
311 307 105
311 309 102
312 56 207
312 280 203
312 296 208
312 308 205
312 310 203
312 311 202
313 57 103
313 281 107
313 297 105
313 305 108
314 58 102
314 282 110
314 298 107
314 306 108
314 313 103
315 59 208
315 283 209
315 299 205
315 307 202
315 313 202
316 60 109
316 284 103
316 300 109
316 308 110
316 314 103
316 315 205
317 61 103
317 285 103
317 301 210
317 309 109
317 313 101
318 62 106
318 286 108
318 302 103
318 310 104
318 314 103
318 317 104
319 63 107
319 287 101
319 303 107
319 311 109
319 315 202
319 317 107
320 64 102
320 288 207
320 304 102
320 312 202
320 316 102
320 318 105
320 319 104
321 65 205
321 257 102
322 66 105
322 258 108
322 321 109
323 67 103
323 259 109
323 321 103
324 68 210
324 260 209
324 322 203
324 323 206
325 69 105
325 261 204
325 321 102
326 70 109
326 262 107
326 322 106
326 325 107
327 71 108
327 263 106
327 323 108
327 325 101
328 72 208
328 264 104
328 324 204
328 326 108
328 327 103
329 73 105
329 265 204
329 321 101
330 74 108
330 266 108
330 322 109
330 329 101
331 75 110
331 267 103
331 323 104
331 329 106
332 76 101
332 268 109
332 324 207
332 330 107
332 331 109
333 77 104
333 269 107
333 325 103
333 329 104
334 78 204
334 270 208
334 326 202
334 330 204
334 333 209
335 79 109
335 271 107
335 327 106
335 331 110
335 333 102
336 80 103
336 272 105
336 328 104
336 332 102
336 334 205
336 335 101
337 81 101
337 273 108
337 321 101
338 82 101
338 274 105
338 322 104
338 337 108
339 83 103
339 275 210
339 323 108
339 337 106
340 84 101
340 276 104
340 324 204
340 338 102
340 339 107
341 85 106
341 277 106
341 325 105
341 337 106
342 86 104
342 278 105
342 326 104
342 338 104
342 341 102
343 87 207
343 279 203
343 327 204
343 339 206
343 341 201
344 88 103
344 280 105
344 328 109
344 340 109
344 342 103
344 343 206
345 89 107
345 281 105
345 329 108
345 337 108
346 90 208
346 282 207
346 330 208
346 338 209
346 345 201
347 91 201
347 283 110
347 331 103
347 339 108
347 345 104
348 92 105
348 284 106
348 332 101
348 340 106
348 346 202
348 347 106
349 93 201
349 285 101
349 333 105
349 341 105
349 345 105
350 94 105
350 286 106
350 334 204
350 342 108
350 346 205
350 349 102
351 95 108
351 287 106
351 335 107
351 343 209
351 347 105
351 349 104
352 96 105
352 288 206
352 336 109
352 344 105
352 348 101
352 350 110
352 351 105
353 97 109
353 289 107
353 321 102
354 98 104
354 290 201
354 322 103
354 353 102
355 99 201
355 291 110
355 323 103
355 353 103
356 100 101
356 292 107
356 324 208
356 354 102
356 355 109
357 101 103
357 293 108
357 325 104
357 353 103
358 102 205
358 294 102
358 326 101
358 354 102
358 357 102
359 103 205
359 295 203
359 327 202
359 355 209
359 357 206
360 104 102
360 296 104
360 328 109
360 356 110
360 358 107
360 359 207
361 105 103
361 297 101
361 329 109
361 353 102
362 106 104
362 298 106
362 330 102
362 354 107
362 361 105
363 107 102
363 299 101
363 331 104
363 355 104
363 361 103
364 108 207
364 300 207
364 332 204
364 356 202
364 362 201
364 363 205
365 109 110
365 301 209
365 333 106
365 357 101
365 361 107
366 110 102
366 302 104
366 334 210
366 358 109
366 362 101
366 365 104
367 111 106
367 303 108
367 335 107
367 359 210
367 363 102
367 365 101
368 112 104
368 304 101
368 336 105
368 360 108
368 364 205
368 366 104
368 367 105
369 113 204
369 305 210
369 337 203
369 353 210
370 114 105
370 306 110
370 338 108
370 354 107
370 369 204
371 115 101
371 307 106
371 339 106
371 355 109
371 369 210
372 116 109
372 308 104
372 340 104
372 356 104
372 370 105
372 371 107
373 117 107
373 309 105
373 341 110
373 357 108
373 369 201
374 118 110
374 310 106
374 342 109
374 358 110
374 370 104
374 373 101
375 119 108
375 311 104
375 343 202
375 359 204
375 371 102
375 373 106
376 120 109
376 312 209
376 344 105
376 360 107
376 372 105
376 374 102
376 375 104
377 121 107
377 313 103
377 345 102
377 361 101
377 369 208
378 122 102
378 314 103
378 346 207
378 362 103
378 370 109
378 377 107
379 123 107
379 315 208
379 347 104
379 363 103
379 371 109
379 377 110
380 124 209
380 316 106
380 348 109
380 364 207
380 372 106
380 378 101
380 379 106
381 125 206
381 317 104
381 349 103
381 365 102
381 373 101
381 377 110
382 126 207
382 318 205
382 350 204
382 366 210
382 374 209
382 378 206
382 381 207
383 127 108
383 319 110
383 351 106
383 367 101
383 375 101
383 379 106
383 381 101
384 128 102
384 320 102
384 352 101
384 368 104
384 376 108
384 380 109
384 382 204
384 383 103
385 129 106
385 257 109
386 130 209
386 258 201
386 385 209
387 131 204
387 259 105
387 385 104
388 132 108
388 260 108
388 386 208
388 387 107
389 133 109
389 261 202
389 385 108
390 134 110
390 262 108
390 386 205
390 389 103
391 135 109
391 263 108
391 387 107
391 389 109
392 136 201
392 264 203
392 388 210
392 390 205
392 391 210
393 137 106
393 265 208
393 385 110
394 138 110
394 266 101
394 386 203
394 393 101
395 139 107
395 267 107
395 387 108
395 393 105
396 140 102
396 268 107
396 388 108
396 394 103
396 395 106
397 141 102
397 269 105
397 389 106
397 393 110
398 142 210
398 270 103
398 390 108
398 394 109
398 397 104
399 143 106
399 271 105
399 391 108
399 395 103
399 397 103
400 144 105
400 272 107
400 392 203
400 396 102
400 398 103
400 399 110
401 145 109
401 273 108
401 385 103
402 146 106
402 274 110
402 386 202
402 401 102
403 147 110
403 275 209
403 387 101
403 401 108
404 148 108
404 276 102
404 388 107
404 402 107
404 403 108
405 149 106
405 277 108
405 389 105
405 401 103
406 150 109
406 278 110
406 390 106
406 402 101
406 405 110
407 151 203
407 279 103
407 391 102
407 403 109
407 405 102
408 152 107
408 280 110
408 392 206
408 404 101
408 406 109
408 407 108
409 153 209
409 281 104
409 393 103
409 401 106
410 154 102
410 282 109
410 394 106
410 402 107
410 409 108
411 155 101
411 283 102
411 395 105
411 403 110
411 409 107
412 156 201
412 284 203
412 396 207
412 404 206
412 410 204
412 411 201
413 157 207
413 285 209
413 397 205
413 405 208
413 409 204
414 158 110
414 286 102
414 398 105
414 406 104
414 410 102
414 413 202
415 159 110
415 287 101
415 399 110
415 407 105
415 411 101
415 413 207
416 160 105
416 288 205
416 400 101
416 408 106
416 412 202
416 414 110
416 415 107
417 161 105
417 289 104
417 385 104
418 162 107
418 290 202
418 386 203
418 417 101
419 163 209
419 291 202
419 387 204
419 417 209
420 164 204
420 292 107
420 388 102
420 418 108
420 419 208
421 165 205
421 293 101
421 389 110
421 417 101
422 166 101
422 294 110
422 390 102
422 418 107
422 421 102
423 167 108
423 295 101
423 391 106
423 419 202
423 421 109
424 168 110
424 296 101
424 392 205
424 420 101
424 422 109
424 423 110
425 169 104
425 297 108
425 393 104
425 417 104
426 170 101
426 298 101
426 394 107
426 418 102
426 425 107
427 171 107
427 299 109
427 395 110
427 419 206
427 425 108
428 172 110
428 300 108
428 396 102
428 420 105
428 426 110
428 427 104
429 173 103
429 301 209
429 397 108
429 421 101
429 425 104
430 174 102
430 302 107
430 398 107
430 422 102
430 426 108
430 429 101
431 175 102
431 303 103
431 399 106
431 423 102
431 427 101
431 429 105
432 176 209
432 304 209
432 400 201
432 424 204
432 428 209
432 430 205
432 431 209
433 177 108
433 305 110
433 401 103
433 417 108
434 178 101
434 306 108
434 402 106
434 418 108
434 433 105
435 179 108
435 307 102
435 403 108
435 419 207
435 433 106
436 180 110
436 308 110
436 404 110
436 420 101
436 434 109
436 435 104
437 181 203
437 309 207
437 405 201
437 421 209
437 433 209
438 182 101
438 310 110
438 406 108
438 422 109
438 434 104
438 437 203
439 183 102
439 311 109
439 407 103
439 423 102
439 435 109
439 437 201
440 184 106
440 312 209
440 408 109
440 424 106
440 436 108
440 438 109
440 439 103
441 185 104
441 313 107
441 409 102
441 425 102
441 433 106
442 186 208
442 314 210
442 410 208
442 426 209
442 434 201
442 441 206
443 187 210
443 315 208
443 411 104
443 427 101
443 435 102
443 441 110
444 188 104
444 316 107
444 412 205
444 428 102
444 436 110
444 442 204
444 443 103
445 189 110
445 317 104
445 413 205
445 429 101
445 437 201
445 441 101
446 190 209
446 318 106
446 414 106
446 430 110
446 438 104
446 442 210
446 445 108
447 191 110
447 319 102
447 415 101
447 431 101
447 439 109
447 443 106
447 445 102
448 192 107
448 320 106
448 416 109
448 432 206
448 440 109
448 444 107
448 446 109
448 447 107
449 193 108
449 321 110
449 385 108
450 194 101
450 322 107
450 386 205
450 449 106
451 195 102
451 323 107
451 387 109
451 449 104
452 196 106
452 324 203
452 388 105
452 450 110
452 451 107
453 197 202
453 325 106
453 389 107
453 449 107
454 198 102
454 326 103
454 390 104
454 450 101
454 453 107
455 199 104
455 327 107
455 391 101
455 451 107
455 453 106
456 200 110
456 328 107
456 392 205
456 452 104
456 454 102
456 455 107
457 201 106
457 329 106
457 393 106
457 449 105
458 202 206
458 330 106
458 394 106
458 450 108
458 457 110
459 203 206
459 331 203
459 395 208
459 451 207
459 457 205
460 204 102
460 332 107
460 396 107
460 452 107
460 458 107
460 459 209
461 205 103
461 333 105
461 397 101
461 453 109
461 457 110
462 206 106
462 334 204
462 398 105
462 454 107
462 458 108
462 461 107
463 207 208
463 335 205
463 399 203
463 455 202
463 459 308
463 461 201
464 208 108
464 336 104
464 400 104
464 456 109
464 460 107
464 462 108
464 463 204
465 209 205
465 337 201
465 401 204
465 449 202
466 210 101
466 338 107
466 402 109
466 450 107
466 465 201
467 211 110
467 339 106
467 403 103
467 451 107
467 465 202
468 212 201
468 340 109
468 404 107
468 452 110
468 466 110
468 467 101
469 213 106
469 341 104
469 405 108
469 453 104
469 465 201
470 214 207
470 342 209
470 406 207
470 454 208
470 466 205
470 469 207
471 215 108
471 343 202
471 407 110
471 455 106
471 467 101
471 469 108
472 216 109
472 344 101
472 408 104
472 456 109
472 468 104
472 470 206
472 471 102
473 217 104
473 345 108
473 409 101
473 457 103
473 465 209
474 218 102
474 346 209
474 410 105
474 458 110
474 466 109
474 473 106
475 219 101
475 347 107
475 411 109
475 459 207
475 467 103
475 473 106
476 220 102
476 348 107
476 412 205
476 460 104
476 468 109
476 474 105
476 475 107
477 221 101
477 349 108
477 413 205
477 461 105
477 469 101
477 473 109
478 222 107
478 350 105
478 414 106
478 462 106
478 470 210
478 474 103
478 477 107
479 223 109
479 351 106
479 415 106
479 463 207
479 471 104
479 475 109
479 477 107
480 224 206
480 352 107
480 416 108
480 464 110
480 472 108
480 476 107
480 478 109
480 479 101
481 225 101
481 353 110
481 417 103
481 449 105
482 226 104
482 354 110
482 418 102
482 450 106
482 481 102
483 227 110
483 355 105
483 419 203
483 451 105
483 481 103
484 228 107
484 356 109
484 420 110
484 452 103
484 482 106
484 483 102
485 229 103
485 357 106
485 421 104
485 453 107
485 481 103
486 230 203
486 358 209
486 422 209
486 454 204
486 482 204
486 485 204
487 231 106
487 359 206
487 423 102
487 455 103
487 483 110
487 485 107
488 232 102
488 360 110
488 424 104
488 456 104
488 484 109
488 486 207
488 487 105
489 233 208
489 361 206
489 425 209
489 457 204
489 481 208
490 234 202
490 362 106
490 426 110
490 458 106
490 482 102
490 489 208
491 235 110
491 363 106
491 427 107
491 459 201
491 483 108
491 489 205
492 236 104
492 364 208
492 428 106
492 460 101
492 484 103
492 490 101
492 491 105
493 237 108
493 365 106
493 429 109
493 461 106
493 485 102
493 489 207
494 238 107
494 366 101
494 430 110
494 462 105
494 486 210
494 490 102
494 493 105
495 239 204
495 367 103
495 431 103
495 463 204
495 487 102
495 491 109
495 493 110
496 240 103
496 368 106
496 432 201
496 464 101
496 488 101
496 492 104
496 494 105
496 495 103
497 241 203
497 369 208
497 433 110
497 465 205
497 481 109
498 242 109
498 370 110
498 434 107
498 466 107
498 482 101
498 497 102
499 243 105
499 371 103
499 435 109
499 467 109
499 483 107
499 497 109
500 244 207
500 372 210
500 436 208
500 468 206
500 484 208
500 498 201
500 499 204
501 245 103
501 373 103
501 437 207
501 469 107
501 485 107
501 497 102
502 246 101
502 374 108
502 438 109
502 470 207
502 486 205
502 498 107
502 501 110
503 247 105
503 375 109
503 439 108
503 471 109
503 487 107
503 499 107
503 501 107
504 248 209
504 376 107
504 440 110
504 472 102
504 488 108
504 500 210
504 502 103
504 503 109
505 249 106
505 377 108
505 441 107
505 473 106
505 489 207
505 497 103
506 250 107
506 378 106
506 442 205
506 474 101
506 490 109
506 498 106
506 505 106
507 251 106
507 379 105
507 443 110
507 475 109
507 491 110
507 499 101
507 505 107
508 252 107
508 380 105
508 444 108
508 476 103
508 492 105
508 500 210
508 506 107
508 507 105
509 253 103
509 381 105
509 445 102
509 477 104
509 493 101
509 501 107
509 505 109
510 254 105
510 382 209
510 446 104
510 478 106
510 494 107
510 502 108
510 506 110
510 509 102
511 255 206
511 383 208
511 447 207
511 479 203
511 495 206
511 503 207
511 507 210
511 509 203
512 256 108
512 384 107
512 448 103
512 480 105
512 496 109
512 504 104
512 508 103
512 510 107
512 511 202