64
2 1 2
3 1 2
3 2 1
4 1 2
4 2 1
4 3 1
5 1 2
6 2 1
6 5 1
7 3 1
7 5 1
7 6 1
8 4 1
8 5 1
8 6 1
8 7 1
9 1 2
9 5 1
10 2 1
10 6 1
10 9 1
11 3 1
11 7 1
11 9 1
11 10 1
12 4 1
12 8 1
12 9 1
12 10 1
12 11 1
13 1 2
13 5 1
13 9 1
14 2 1
14 6 1
14 10 1
14 13 1
15 3 1
15 7 1
15 11 1
15 13 1
15 14 1
16 4 2
16 8 2
16 12 2
16 13 2
16 14 2
16 15 2
17 1 2
18 2 1
18 17 1
19 3 1
19 17 1
19 18 1
20 4 2
20 17 2
20 18 2
20 19 2
21 5 1
21 17 1
22 6 1
22 18 1
22 21 1
23 7 1
23 19 1
23 21 1
23 22 1
24 8 1
24 20 2
24 21 1
24 22 1
24 23 1
25 9 1
25 17 1
25 21 1
26 10 1
26 18 1
26 22 1
26 25 1
27 11 1
27 19 1
27 23 1
27 25 1
27 26 1
28 12 1
28 20 2
28 24 1
28 25 1
28 26 1
28 27 1
29 13 2
29 17 2
29 21 2
29 25 2
30 14 1
30 18 1
30 22 1
30 26 1
30 29 2
31 15 1
31 19 1
31 23 1
31 27 1
31 29 2
31 30 1
32 16 2
32 20 2
32 24 1
32 28 1
32 29 2
32 30 1
32 31 1
33 1 2
33 17 1
34 2 1
34 18 1
34 33 1
35 3 1
35 19 1
35 33 1
35 34 1
36 4 1
36 20 2
36 33 1
36 34 1
36 35 1
37 5 1
37 21 1
37 33 1
38 6 2
38 22 2
38 34 2
38 37 2
39 7 1
39 23 1
39 35 1
39 37 1
39 38 2
40 8 1
40 24 1
40 36 1
40 37 1
40 38 2
40 39 1
41 9 1
41 25 1
41 33 1
41 37 1
42 10 1
42 26 1
42 34 1
42 38 2
42 41 1
43 11 2
43 27 2
43 35 2
43 39 2
43 41 2
43 42 2
44 12 1
44 28 1
44 36 1
44 40 1
44 41 1
44 42 1
44 43 2
45 13 1
45 29 2
45 33 1
45 37 1
45 41 1
46 14 1
46 30 1
46 34 1
46 38 2
46 42 1
46 45 1
47 15 1
47 31 1
47 35 1
47 39 1
47 43 2
47 45 1
47 46 1
48 16 2
48 32 1
48 36 1
48 40 1
48 44 1
48 45 1
48 46 1
48 47 1
49 1 2
49 17 1
49 33 1
50 2 1
50 18 1
50 34 1
50 49 1
51 3 1
51 19 1
51 35 1
51 49 1
51 50 1
52 4 1
52 20 2
52 36 1
52 49 1
52 50 1
52 51 1
53 5 1
53 21 1
53 37 1
53 49 1
54 6 1
54 22 1
54 38 2
54 50 1
54 53 1
55 7 2
55 23 2
55 39 2
55 51 2
55 53 2
55 54 2
56 8 1
56 24 1
56 40 1
56 52 1
56 53 1
56 54 1
56 55 2
57 9 1
57 25 1
57 41 1
57 49 1
57 53 1
58 10 2
58 26 2
58 42 2
58 50 2
58 54 2
58 57 2
59 11 1
59 27 1
59 43 2
59 51 1
59 55 2
59 57 1
59 58 2
60 12 1
60 28 1
60 44 1
60 52 1
60 56 1
60 57 1
60 58 2
60 59 1
61 13 1
61 29 2
61 45 1
61 49 1
61 53 1
61 57 1
62 14 1
62 30 1
62 46 1
62 50 1
62 54 1
62 58 2
62 61 1
63 15 1
63 31 1
63 47 1
63 51 1
63 55 2
63 59 1
63 61 1
63 62 1
64 16 2
64 32 1
64 48 1
64 52 1
64 56 1
64 60 1
64 61 1
64 62 1
64 63 1