80
1 12 201
1 13 208
1 29 208
1 34 194
1 45 209
1 57 195
1 73 195
2 19 196
2 43 202
2 58 202
2 79 190
3 36 198
3 51 202
4 9 195
4 23 200
4 44 198
4 53 209
4 55 196
4 62 202
4 76 202
5 10 193
5 29 202
6 18 205
6 60 197
6 70 190
7 10 106
7 20 92
7 43 101
7 51 103
7 76 98
8 80 111
9 17 100
9 20 92
9 45 96
9 61 97
10 20 96
10 64 107
11 33 100
11 69 105
11 72 103
12 20 102
12 31 85
12 57 99
12 67 93
12 68 107
13 22 107
13 55 97
14 35 89
14 54 92
15 45 102
15 57 106
16 27 100
16 65 94
17 22 94
17 46 104
17 62 102
17 70 96
18 71 104
19 46 98
19 74 103
20 54 97
20 64 103
21 55 106
21 60 101
24 69 92
24 78 88
25 65 106
26 38 106
26 39 105
26 46 98
26 48 100
27 55 98
28 30 96
28 48 92
28 62 103
29 30 93
29 58 92
30 36 96
30 52 106
32 47 99
34 56 99
34 64 87
34 70 110
34 75 100
36 57 96
37 59 111
37 75 97
39 76 93
40 41 103
40 55 96
41 77 101
42 57 100
43 58 96
43 68 97
44 66 93
45 52 103
45 63 105
46 55 102
46 69 94
46 75 95
46 80 93
47 71 96
48 80 98
49 73 97
50 65 102
51 55 100
51 57 96
53 76 90
55 65 107
56 79 100
62 68 90
62 70 105
67 76 95
68 77 102
68 79 105
69 75 99
71 76 97
72 77 100
72 78 101
75 80 95